500
2 6
-5808 8886 -3979 1076 -8667 -9261
4621 5420 5358 -4516 -5936 7012
5 3
-8381 -854 -4124
-6616 248 -3927
-9914 -23 -5526
5309 1337 8429
-696 1480 -6065
5 1
9661
2972
-312
-272
-435
2 4
-577 6576 4105 -2994
-9295 -26 -2049 5732
4 1
-5188
2538
1530
-4587
2 3
5108 7267 8656
5843 -2024 -9520
2 5
-550 2087 7423 -1744 1158
-6753 -6726 -3076 9650 6557
3 2
3017 -5937
-935 36
7467 -9442
2 3
-8123 -2799 -6404
-368 -3355 4203
2 5
-3707 7987 50 -1571 -2383
-1931 -1054 8016 6731 -2690
6 4
-4349 -3844 -453 8402
2307 -332 -5482 5377
50 6429 -744 -3900
-7651 -1131 2764 -7122
9393 836 4139 4949
8617 4794 2811 -4644
1 5
513 -9459 8021 3506 -5152
2 1
-798
-784
5 1
1494
4303
-6933
3988
-5627
5 2
1579 1227
1138 1115
8162 2996
-9484 -1259
354 4713
6 1
7522
8995
3303
4870
4755
9380
6 1
8935
-3952
4612
-7044
4796
9274
3 3
8530 -563 7958
-2774 6729 4794
6269 -2779 -1057
3 2
-4477 5264
-4049 -5961
-9622 3627
6 3
837 6635 -454
1700 8175 -1656
-2102 -6629 -4627
-408 -6447 9865
-358 -2831 7584
-1645 3171 -734
6 4
5843 4353 9783 -6907
5991 1518 -4943 -5092
-2261 6616 236 -7594
-7986 -3024 7018 -2423
3935 -703 -9694 1332
-9677 609 -1930 -4935
5 5
-7392 -6203 -2348 -9883 -4094
-2045 -8124 -1369 3405 -6535
-6459 -3313 6914 1303 -5378
-9929 -7590 6889 -4421 -7141
5721 -4058 6486 -6871 4191
3 3
-1626 -1511 -5864
-6944 -6838 5010
-6183 -7265 -2077
3 3
-190 -8958 -4436
1687 -5749 1329
737 7883 5233
2 1
-5166
-4071
5 5
7726 3018 4628 3383 1381
8808 5136 856 -8838 -419
5147 -4918 3295 6223 1860
6099 2504 1518 -8791 -7196
-8754 9266 -9623 -1004 -7956
4 6
-4121 -9925 -6221 2945 1530 -2370
4909 9343 -9879 996 -1851 -9579
-6049 -1285 -9229 -226 9847 6318
4453 -3512 -2816 2290 650 5261
4 6
4180 -9079 9632 -9933 -2272 9888
120 -3749 8690 -306 -6879 5004
8408 -3388 -8142 5268 -6060 -727
5275 -8552 7738 2820 4573 5099
3 2
-7696 -8582
3401 9066
-6853 3914
1 6
7118 -7337 9725 9683 -8907 6106
3 2
-294 7343
-5521 3838
-2086 6911
6 4
-2032 -1241 -1409 5088
-2074 6166 8919 1215
-1873 7322 1331 491
6151 -6433 -1024 9879
2389 -3367 2352 -2303
-7333 -9928 -3540 -4324
3 6
3246 -3041 8846 -4453 -1275 -2818
350 -3775 -408 -9099 3460 4928
-9830 -8164 -7661 -5262 -9547 5272
3 2
-3145 -560
3390 5569
-4866 -3833
6 4
3378 -6713 -7913 -2768
-9669 -9999 -1367 -32
-7325 2494 -4126 8744
-910 4407 -2494 -8389
-5216 -6654 -7642 9830
-2254 -6334 -4953 6504
3 5
-1501 6036 9576 -3082 8240
6054 -4961 -1254 -7437 3340
1186 7292 9957 -8822 7064
6 3
9348 -7820 -3570
-6156 8954 -8976
9806 -2214 -8323
-497 -3298 -8417
-9012 -9349 9884
5847 -2789 -7670
1 2
-4110 3171
4 3
-6719 2571 4049
3796 8329 -845
8887 -9299 8418
8743 -7416 -530
4 1
3536
8181
-8219
1054
4 6
5746 790 8365 5161 6719 3780
-8770 -473 -3195 -2435 -1709 5454
8951 -3802 2914 9428 -9366 -2866
-8944 -5739 -5047 1283 -2476 -7383
4 6
4035 -5329 -448 -634 -9916 -5763
9181 5751 -4457 -1271 -8659 4337
3902 8876 -5871 6472 4063 8936
-2146 2596 -6558 6006 653 6460
3 6
4520 -2678 -8852 6479 -4798 -9005
6866 -7672 9917 -6354 3833 4418
-2757 -8014 -7065 -5957 -604 -5928
5 5
2442 -7001 4842 9112 -5260
-886 -9308 -7404 -2087 5623
-677 4052 -4783 -9581 6286
2481 -9111 7042 -7802 9541
5735 -1481 7918 -3376 -7397
4 1
53
3527
2513
3276
4 1
5808
-9891
-5441
-9678
3 2
6287 6094
-1278 8607
-1413 4559
3 5
4908 4017 -1442 -366 1928
-2785 -4602 -4016 -7203 -5758
6573 -2967 8991 -7695 6434
2 4
973 -9279 -4901 2679
-6446 7574 -1021 -7461
5 3
-7554 2390 -4980
-7101 2948 -4191
-2326 5048 6404
-4448 4031 -156
7091 -3377 -356
1 6
4068 -6707 7867 -7463 8216 -7757
6 5
8900 629 -7977 2903 9215
8101 5417 8227 9637 4683
8256 1514 -7465 8834 -8799
-9097 7749 5713 9856 9184
-8311 9680 7319 -7596 460
5560 2284 3474 6117 5956
5 1
3252
-766
5035
-7201
-9822
2 4
-637 1743 6869 -6124
9184 4900 -7133 7685
1 1
-674
4 6
7472 -8114 -3241 9422 -9446 3600
7381 2555 -2416 1556 6989 -7291
6354 4046 5168 6813 8163 1545
-6516 1568 2035 174 4600 -5667
5 5
-9911 -8668 -2236 -4414 -979
-472 -776 6286 7924 350
-9757 4679 2729 490 -4722
7634 4226 5241 2499 -7574
6616 8623 2982 6586 9023
4 1
-3871
-6163
-2804
-1020
5 3
7019 -4112 3876
-3908 -9362 -2314
2963 5868 8514
-6893 9374 2771
-6971 9872 1709
1 3
766 -393 9133
2 2
7875 0
-7063 -4052
1 1
-2401
3 4
9963 722 -9584 2171
6161 -721 -5985 5260
3561 4176 -54 -5617
1 2
2759 2932
6 1
5121
-9058
-7644
-9999
3968
-9152
1 4
8488 -4698 -740 -743
4 2
-8848 6945
-6618 6084
8308 9066
-8460 -2192
4 6
-3348 9372 -6657 8252 -9558 -8402
-26 2 -2429 -2699 -8983 8702
7934 3204 -4695 5367 -9400 4902
-4835 1998 8735 3159 -3747 -984
5 1
-7156
-7921
-2723
-9877
1364
1 3
-1779 -3668 3365
4 2
7424 -4459
-1739 -5562
-6097 360
-1996 8966
5 1
-9965
-7273
6312
-2168
-4164
3 5
2439 5229 -9484 6210 -7259
-8970 -2853 -1243 6941 6551
7200 -3844 -7878 8896 -9453
6 4
7748 -2788 6981 -8922
-9129 981 9237 9961
-39 -5511 -5216 3399
-9790 -9687 7693 5561
-685 -3778 2528 -1079
-3639 -7320 -3951 6728
5 3
3309 3455 -2431
-1814 3809 9076
6993 9539 -7061
8486 -1415 -7723
614 -1346 8174
3 1
-4276
1288
5569
6 1
9864
4490
3051
-2863
7852
-1172
1 4
-1898 7781 7761 5211
4 1
5280
818
2327
-9878
3 2
-6819 -1864
4157 -6228
-9416 6308
6 3
-1967 5635 5193
3768 9972 3756
-4024 8873 -8675
5634 1286 -963
-9887 -8734 -5721
7164 -9254 -656
3 4
-5118 -1708 5370 7032
-1146 2631 9891 4059
9638 1409 -6764 -8436
3 5
1945 -6792 -6015 -323 8950
8175 9344 -1457 -5849 -6187
7866 -9440 -6492 1008 -6257
4 1
-3208
-1927
-659
-4040
5 6
-1946 8729 -1432 -9235 7803 -7487
3767 9678 5220 -2924 9943 7843
-3938 1887 198 2565 -9534 -1902
-2584 -8385 -2115 9095 2750 -4672
6098 -7779 7400 9818 3933 -8154
4 5
-9061 -5777 -9123 9788 -9374
-4021 9407 -2873 -3137 -7425
1419 8044 -8819 -8085 5033
1201 -6368 -1721 1761 -5423
3 4
-149 7299 6913 -3782
-4150 -5341 -1754 -8760
930 -3543 4256 7406
5 5
-1444 8414 3285 4600 -4438
-9913 -1785 7898 -1047 -954
9816 -3082 -4502 -4464 -5256
-6091 7842 -6787 2409 -3477
-2934 5031 -849 -8020 -3495
5 3
-165 -5810 2349
6887 -4628 3308
7312 -2409 -8611
-3380 -3576 -1249
-2328 4557 4777
4 1
8421
-1799
9690
-8433
4 1
-3449
8128
-3942
-5337
6 1
-7560
-8583
-1344
4283
-2674
4397
3 2
-8667 -3572
-7263 2054
2102 -2432
3 5
7503 -8374 -3227 2987 3424
596 6211 -2215 7089 -7634
3093 -2895 2069 412 -26
3 2
2351 -9826
-408 7585
-4366 1820
6 6
3979 3504 7776 -6907 -4011 -2635
-966 -9926 1648 4925 2538 3441
-8524 -6744 6279 1025 -6191 -970
-1791 8533 -1998 3441 1700 9164
-4337 -552 9639 3381 -3462 -5316
-5446 -4564 -5687 2178 3656 5497
6 2
-2282 9756
-5695 4182
717 -1234
-4979 5306
-3212 6252
843 6829
4 4
319 -2828 -7479 -1235
-2736 -9155 4923 223
-5939 6 -3376 -9848
-2793 -5222 9784 3820
2 1
9022
-3649
2 6
2806 799 -3891 -1433 1110 -425
-3886 6774 8848 -6697 -9651 -3647
6 3
-1807 6948 3532
5289 3496 -3937
-5655 3327 3392
8455 -5459 9799
-8988 -8164 5264
6351 200 9368
2 4
2504 -4880 -3760 -2912
7747 -4499 2901 -2564
2 4
9621 -4578 3891 8137
2238 -2363 -229 -9074
3 2
-1635 -7049
5928 -8833
-5839 1854
3 6
-8254 -7893 6815 -6465 -1757 -3857
-4271 1566 -7724 -1264 393 -3727
-8395 -9271 -3884 4762 -6366 -3768
3 2
-6215 983
-4103 4972
4334 -6337
2 5
3467 -4814 -6810 2573 -8171
6742 3644 2847 9094 7398
1 4
-7901 9438 -3955 5116
6 4
6994 9387 2437 5750
-7923 9974 2510 836
-4248 6052 -7531 -5382
8890 7256 9031 -5844
4879 8250 6738 6550
459 -8504 -7640 4535
1 1
4920
6 1
700
6889
5140
1908
1400
7014
3 2
4230 -474
6162 -7135
-1791 -6491
2 3
-7095 -5646 7089
3615 -6546 -7403
5 6
-757 6958 15 -2616 4070 -8289
-1931 -1167 -4601 -6169 4523 -7396
-1842 -1947 -2646 -3929 -6464 2901
8704 -197 2745 -3018 -6419 -7301
-6611 -8371 4210 925 -1970 8900
2 3
4490 -3617 683
3352 -7727 -2600
6 1
8479
-4639
-2558
-7707
7560
3211
4 5
-3250 4900 7149 -5028 -9511
2804 -6242 6686 8415 -6503
-3209 7400 -2630 9682 -8328
-5499 -7976 -1316 2675 2840
4 3
1707 9178 3043
3469 8439 -2331
-8398 2853 -5630
7909 7433 3500
1 2
9603 5766
5 5
-2673 -1887 4138 -7427 5305
6070 -6088 6077 -2529 -7709
-1520 -8458 2146 -1103 -7957
-4318 1718 -6241 1477 -2209
-7041 5463 -5365 -7262 6024
3 3
7192 7631 3387
3363 -2480 1146
6647 5437 -7955
5 4
334 -6910 2375 2737
1999 9775 -3558 7227
-435 -2827 -709 7080
-8985 -2164 -4500 1738
-7203 5480 4755 -1724
4 2
-2157 804
7744 4582
-5776 1334
2017 9554
1 2
-2546 5709
4 2
-5893 -7900
-5218 86
-1598 4992
582 7061
2 1
-5793
790
2 2
-4297 -4672
2495 4292
2 5
-7174 28 8896 5938 -5771
-9094 -2154 6487 5754 8903
5 1
5537
7799
7116
7287
8568
4 2
-5288 3570
8474 9257
3411 -1697
862 -1195
5 6
-5174 3130 9654 -6168 7636 9735
1889 -3670 -3192 -5193 6006 -1376
3819 -7520 1384 7647 7596 -9636
1229 -2695 4867 2735 -2221 -311
8682 3007 5651 8262 -947 688
6 2
190 1184
-9821 3817
5166 -763
-7471 3211
5059 -4138
-6644 2601
4 3
679 -198 -8438
-5580 -7031 -3746
-4900 -4211 6592
-7334 461 -7932
2 3
1008 -4669 4492
4052 4571 -5729
2 6
-7443 3467 6976 9339 6471 -3125
-6481 -494 3702 -83 -5828 -1126
4 3
-6004 -6167 4567
9747 -8810 4432
-7083 -1494 7402
-2696 -3399 6914
6 4
-730 -5717 9083 3542
-8251 -6877 -8180 -557
9556 796 2305 -598
-1432 9855 -421 351
-1391 9637 -6908 5630
4160 -5460 -7167 8380
1 3
-5132 4564 2009
3 6
-8245 3387 -6624 7179 -7714 3667
-5480 -9459 226 2528 -545 6848
5690 -9225 1779 9445 -4858 -7364
6 6
-9154 -5192 -6344 8942 -6884 -5486
1951 -7940 9965 -6598 -3911 4293
-3275 -3173 -5057 6402 -2450 -8797
-4563 -4647 -4163 -4312 3717 3117
-1434 4160 3808 8240 -1793 -5241
1219 -8514 5861 -25 6370 8123
5 5
9176 -818 -5435 9889 7735
-4831 7675 1496 -2237 -7360
-4537 -7059 5598 -9845 8359
9409 -1106 8076 4721 -4658
8356 -4538 -4894 -2109 -4147
5 2
-7752 -6978
8804 -7875
-5261 -9343
5181 -799
2824 -2633
3 1
-6773
6266
3585
4 4
4212 4134 -7813 7949
-8740 -2094 -5974 7710
-7439 -6360 -506 5237
3452 -7647 9191 -4177
3 4
3589 8208 -9293 -1088
-9405 -4088 -5666 6780
-6758 3626 6628 -309
4 2
6552 3562
5146 -9235
-6035 3067
5113 2973
2 3
2376 -5041 7239
4566 -7743 5935
1 1
8994
3 6
-3324 -1417 -3887 7186 -1994 -2115
-714 5261 6943 -4785 -1928 -7972
5579 7047 -4816 -946 -6125 2157
5 1
588
-4155
-8850
2006
1529
4 1
2069
-8051
-9546
2124
1 6
-1192 1917 -7584 -1575 5735 5585
4 4
7351 3282 4944 -7560
-7146 2456 5106 -382
1223 -4689 -7594 -7178
2216 -6457 1465 -6096
2 2
-678 9199
5867 4835
5 5
-5262 -9694 -6028 -4494 -8671
3157 8641 -7490 5048 7018
4054 5603 2797 -8112 412
8801 -8546 -9317 -1276 -9549
-2942 -2297 1837 -1660 7281
4 4
-7931 -9094 -1956 -1008
-9899 9974 -671 4419
-3358 6626 -1587 7224
6652 -5516 -5163 9198
4 5
4052 2391 1608 -9753 4805
-8407 1694 5863 3821 4263
-8765 5548 1067 9509 5887
-4215 -8819 -1042 -3978 -7584
5 5
-1826 4073 -4852 8623 -4219
7760 5154 -2977 3784 -9909
-79 -2144 -3993 -4982 -5937
6767 -9579 -9714 5015 9001
-217 1665 -542 -88 479
2 4
-5427 3723 7407 5526
9747 254 3363 -5291
4 5
-2853 3050 -1140 8565 -2081
150 -4307 6163 -7488 -5942
-2629 2982 -2498 -2122 1427
5435 4104 4162 5442 -206
1 4
9575 7915 -64 8306
4 5
6026 1274 9742 8544 -8981
9237 3045 8757 -1596 4234
3754 9621 1009 447 9429
-9424 -378 8435 1911 -5512
2 4
7010 -6740 -1576 2615
-1097 9403 776 8088
2 6
-4975 -2295 -7025 -4301 -7632 8053
1519 5129 -486 6535 9434 5183
6 6
3810 -8754 4864 8984 -9223 4050
4402 4878 -6190 -6856 -634 9915
7753 9283 6069 -3919 7869 -608
5346 1069 9218 4607 7829 3530
-7190 -324 -3550 5887 -473 4501
-6322 9738 6105 2448 -7985 -929
6 3
-5069 412 7087
2059 -8379 -6761
2604 -177 -2659
-6487 -8392 -4145
-3834 2994 7422
-2812 -8684 1712
5 6
647 -6701 5389 -679 -5106 2801
9409 -736 5344 9935 -3132 -2146
4809 -6713 8691 7641 -8213 5292
8812 4828 4057 -8745 6103 -1779
-9275 4629 3653 -1064 -9075 4317
6 1
-3782
9297
-9000
-1657
7300
437
6 6
1686 4176 -7470 -71 133 -3346
8246 -6215 9961 4514 -1686 -2539
7696 2174 -985 9901 2178 -47
-8049 -706 -8138 -4573 5333 -8614
5265 1159 3052 3843 -648 -4939
7864 5652 -3113 9478 -6547 -2362
2 4
180 -8244 -990 3620
8317 5462 -9284 2034
4 6
9198 5298 -8591 -6931 9479 -9970
-8334 -4208 2997 5271 571 -9996
-2036 9298 2565 201 9116 -789
-1606 6602 2896 9263 -9280 6760
2 6
5048 3395 2607 -5148 4909 -7917
3284 -2441 2831 -5617 -4781 8046
4 4
9342 -7335 -2764 9680
-822 -6217 1557 -8700
-6873 -2675 -4145 7510
-6625 1054 7139 -403
2 1
5069
5460
4 1
2851
-3655
7043
-7057
6 4
-3864 5483 -5388 -9122
6185 -1861 4332 9053
7549 1868 -2807 7986
-656 -9098 -1439 3402
-6570 -6968 8302 -3049
-4341 4736 -2513 -6140
3 6
-2874 1834 8930 -75 9103 2635
807 6107 -8930 633 -7225 -6310
-2898 3955 1059 2972 2343 -1841
4 4
2975 2986 6672 1108
-5924 3916 9097 -8153
-3646 6746 -9922 3595
-5386 7872 7998 9690
2 5
773 5401 -6376 -6475 -5924
-1407 -8664 5164 -474 9109
1 1
5300
6 3
-8029 9152 -1198
9938 -8700 -4828
-7688 4438 -9452
2068 -9431 5872
796 728 1546
-5554 -2449 -5813
1 2
-8073 6897
5 4
4298 -3897 -8042 436
-5751 6019 -2141 2303
870 -2616 2575 4590
601 7620 -9871 -5155
3973 -610 5430 8403
4 1
-5286
3978
5778
4221
6 2
-1517 -4465
-1424 -6945
-8654 9104
9766 -446
-1916 511
-1615 5637
4 3
7830 9051 -8923
-9944 -9073 9560
-582 -1596 463
3047 1771 9962
5 1
-6668
-4822
-3180
-9730
3356
1 1
-2325
1 1
1531
5 3
-526 -3980 -7346
3807 577 -3013
-5781 4364 3759
500 -4487 5864
-4552 4065 -5796
2 5
-4062 -7973 -1898 3896 8619
7171 -3478 -1449 9375 9697
3 4
9575 -2038 -4336 -7194
2790 -3028 -6493 -2446
-1738 -5811 7036 1537
4 1
2854
4317
-2894
-5523
5 3
-3497 -5804 -5187
997 5154 6444
8710 -571 9611
-4919 2138 -5385
7831 -2797 3480
4 2
1794 -530
3586 -957
9055 2987
-1787 -6852
5 5
-590 3364 -270 5047 1289
922 3291 -1419 -6898 5090
-8905 -8023 -5462 870 -6112
-2619 -8755 -2644 2689 9908
-1892 2144 -5971 9308 -1810
6 5
7902 9244 3799 4789 -3184
-2814 3095 -4104 6864 5465
2140 7352 4054 1881 2032
7693 -2720 8821 5249 7531
2892 2050 7734 -1184 -7626
-9056 -7763 -5479 9380 7252
3 2
-3847 -9145
-104 9535
-2060 -3219
3 5
9485 7314 963 4168 6333
-5867 4877 -7915 -6701 -4856
7412 7130 9319 -1818 2043
5 4
-2436 -8643 -8737 -5832
-1861 -8225 9103 1079
6082 -4149 6295 -4722
-6837 -8858 4885 675
3721 -193 3161 7276
2 1
-9467
5988
1 4
-1310 -5023 -5816 -8835
5 5
-1911 -8202 -6892 6782 -2987
3341 -6048 1141 4178 -6579
6154 -7396 5969 9011 -9900
-9202 957 -8083 -6034 -3926
-9905 7297 -5401 -9076 -2039
2 6
8425 -554 -8626 5702 -7735 8450
722 -190 5233 9065 -2894 -6412
3 5
-6189 6613 -600 2989 4113
9273 1392 -8862 6656 5466
-4996 3747 -4070 166 5346
4 1
5849
-6733
-8377
-9454
2 2
-148 800
-7095 -8263
4 2
-7155 -9245
-7103 4755
-1724 -7541
245 -9420
5 5
4117 -883 -254 -7958 784
9083 4612 8299 9386 -1405
7348 -8236 7363 -9732 -2481
-4904 7950 6557 530 -6071
5483 2612 -9012 -9071 -2891
4 2
7579 -5524
3845 -6910
-2020 -2954
9110 9164
3 1
6099
8641
3451
6 5
-188 7178 -6037 1036 4579
5412 7650 9060 -1635 -9732
2489 -1359 5063 -2468 -4836
6620 6733 -1638 955 -8498
-1924 7681 -9687 -8367 -1027
-9735 -7051 -8358 -151 2310
5 5
2902 -2027 -5876 7430 -6162
-9359 -7138 9886 881 -421
-2846 -5193 5608 4395 -6340
9140 9782 -181 855 -8683
-8353 3765 1766 -6433 8510
6 1
5410
-5347
6348
-6760
2477
3673
4 1
-5094
-9341
-7612
3009
2 4
632 9303 4399 594
3608 7563 4616 -8627
3 5
2266 -1549 -2244 4605 -2388
-7474 -6964 3921 -128 6265
-9039 -502 9001 5209 -4110
6 1
-6851
-9372
-8006
47
1218
-1336
1 4
-7086 4715 -3194 5364
4 1
-5143
3375
9440
2235
5 4
210 1031 -8631 -1765
6360 2008 -828 -6689
1553 -682 -4013 1010
9080 6172 7763 -217
4251 -7351 707 6269
1 3
-5317 -7415 6382
6 5
-1999 -6962 9863 -2434 -1477
-1234 8385 9886 -9719 -599
-1781 -7304 -6129 4205 -6913
-6525 -9133 -8186 1945 1312
-8581 8772 1479 -7581 -6109
-1253 -7877 3650 -2408 3842
6 1
6543
-4614
2548
-860
-1218
-8204
4 6
-3803 1830 -5849 -3569 -1700 -907
-7112 1958 1993 603 -8903 2166
175 -9366 2790 748 -680 7842
-2051 -9724 3678 2991 -744 1102
6 4
-434 -5377 -5630 3825
3212 3673 632 -7581
-248 4746 -29 -1122
4184 -7841 -6827 5122
4804 5169 507 -3833
9438 -3962 -5569 6793
3 4
-3007 3187 -1145 -7884
-8715 6952 7794 -1616
7316 1481 -7088 3834
3 6
-8342 1769 2472 7856 9983 3509
1554 1217 -2612 -450 4310 9661
8488 4486 279 8912 -8595 -5088
2 1
-349
1916
4 1
9247
-648
-44
-3496
2 3
7259 4219 5147
9919 -5918 -9466
3 6
-5849 5905 -8748 9712 -9817 7846
4699 3534 5771 -7524 -6372 5423
5412 1842 -182 2784 5837 -327
6 1
-5626
315
-1252
-838
-5303
2547
4 5
9503 173 1192 -2486 6207
9953 952 -8790 -7073 -4028
2739 301 -5347 132 -7470
127 -5896 -753 9936 3886
2 2
8774 8707
-8556 -7672
4 2
2178 5970
6938 6989
-1299 8625
8326 3509
4 3
-7399 -3362 6207
-1095 6090 -8025
358 49 6765
-9012 999 6903
2 1
-4396
-3512
6 3
761 -84 6884
-5820 -5638 -4605
-1668 5096 -226
-5490 -6702 5952
-8178 4092 -9790
1462 -3300 -438
6 2
-6255 5774
4565 8338
6157 -5653
-5456 -5033
-1881 -5821
9655 2077
4 4
2805 -3420 -5680 -7688
-6270 -7374 -7343 -3763
-3411 4397 -8331 3966
-2571 1724 9545 -6332
4 5
-6565 1097 -1139 -959 5291
-1957 9199 8150 -9289 404
-5085 5170 1404 9069 761
-8923 7366 7236 3755 5253
4 5
-6386 -5068 6746 8989 5059
9451 5973 2654 -3549 -7061
-5595 -1258 -6771 -8190 -3109
-4659 -6661 3705 3393 4669
4 3
-8714 5967 7238
-3645 -3770 -5708
-2625 -988 -7644
-3544 -1610 -175
2 5
358 -4888 -2748 2501 -9521
2474 -8023 3581 -6911 5800
6 4
4249 -9059 -1463 5317
-3964 -5355 -1829 5247
5907 4537 -1332 8769
-6490 135 7707 -6583
-584 -5206 8651 -5222
-8029 390 -8902 -8484
4 1
-6617
8792
5826
-9181
5 4
-4544 -8161 3319 610
9393 1661 5503 362
6985 -4011 9926 -1593
8679 3456 -5494 8598
8903 -8444 -2589 1758
3 5
6671 2756 7604 9603 -9848
2823 -3023 -8838 9411 -8825
-6568 7281 -5133 -5532 -1946
5 4
-819 -3326 5899 9236
3983 4731 -4639 7017
7330 -6547 4747 8849
-3415 4317 1210 -8339
-9889 -6108 -6676 -8763
1 5
-1356 5217 8668 -1351 4223
2 4
-378 -4861 6465 5861
-9850 -6680 -3181 880
3 6
999 -257 6802 -8931 -7291 4946
-1626 -5843 4402 153 9606 -9332
4373 -554 -3686 -8778 7816 -3307
3 3
-7664 -8645 4199
-604 1407 3036
-7207 1832 -1832
3 2
-4851 -5084
-4020 -4886
4052 -6851
6 5
8616 -7775 -9931 -2203 -695
626 580 -20 9821 5982
3908 -9738 6449 -1125 5708
-9882 -5523 -3630 -120 -2232
1284 -3082 9659 474 -4041
-7236 -5493 -2062 5523 -7129
6 2
7042 5919
-2016 1966
-3592 4752
-4049 1047
1504 7732
-9592 9959
6 3
-564 -8596 -2882
-9458 -356 926
-4301 5632 -1829
-9954 7828 -2770
3215 -9152 6259
287 6526 1185
3 1
-1660
-116
1419
3 5
-6739 3903 2207 -909 -1899
7251 2120 4955 7020 9470
6847 -3211 9887 6115 2089
3 4
9094 2948 8168 -7395
-2147 -5097 6849 -2054
7516 -2805 -8557 -5408
1 2
4551 4425
1 5
-3392 8071 -2406 8796 -8330
6 6
-7576 -521 -2995 6406 -9227 -6
-8971 4576 4496 -2025 -8128 319
-7557 2740 -6684 8117 7577 -7915
9555 9251 -467 -3378 1566 3844
6701 8 4480 -4452 -7416 -91
330 8127 8548 -4176 2721 -4593
3 6
4265 -8991 -1672 -3881 6139 1116
-2290 860 -7392 -2185 4082 4214
579 -1937 -2933 6997 -4487 6679
2 3
3670 -3066 -414
7636 -2127 -5496
1 5
-1149 7840 3574 -3572 -6644
1 5
-6847 2229 -6968 -8730 6506
4 6
-7949 -697 1697 7232 9060 -2311
9265 -3889 -8141 -9401 -1370 1748
-192 2571 1438 -1931 8952 -1344
-9733 -6372 1252 -7436 -9998 9994
3 1
-112
8624
8562
3 6
6634 -583 8280 221 -4069 -6079
5888 -3354 2840 9769 -9088 869
5348 2707 -4549 1104 3130 5584
5 1
-1831
8057
-1196
-5171
6544
6 6
-2562 3381 -2494 -5121 4881 8407
6772 -902 324 -7278 4779 -9449
-4465 8541 -8307 7866 -8462 -9901
-4011 2011 -6981 -7429 5115 4487
-2633 -8489 1467 -6774 8772 -7972
410 4885 -5576 -7809 -9820 1064
1 4
1082 -9507 4483 803
1 6
1405 -5118 8258 5132 -5500 6651
5 4
-311 2603 -4275 3938
-3950 3411 -1925 7657
-4443 -866 -3665 -4990
8677 5290 2411 -2017
7066 -5410 6841 9504
1 2
3471 7201
6 6
-2110 -2879 -4053 -6816 -5120 6598
692 2388 -7677 -9719 -2981 -9675
-8905 -7801 7649 3193 -3559 1091
-3404 -5363 8622 8494 8116 -4463
5417 -6848 -5503 -6454 8701 4374
9631 -781 9021 -6828 4924 6914
1 3
-1037 -5007 -9602
5 1
2059
4501
-5357
7504
9662
3 3
-3882 -6183 5527
-8365 -5433 3693
3087 5230 -4902
5 2
-5212 -5613
-2730 -9424
9884 -7941
4376 -3099
2559 9694
5 4
-2615 -3399 -3202 -5569
-7288 -3052 -4515 7522
3346 -6245 -4520 977
-9724 -6468 736 3518
8783 -1888 -2884 -3927
6 3
737 1901 8546
-9084 1344 -4681
122 -7102 -1996
-9901 -6888 -3151
8039 -2602 -7925
-7001 7678 3771
4 3
5441 9281 -11
-2766 -976 8961
-3082 -5314 -1463
-3511 3344 -3272
2 4
4440 -3453 7342 -5255
-6579 -5727 6594 -5310
1 2
8044 9206
3 4
-5670 -5069 -445 5240
1117 -108 8919 6665
8848 -7826 -9384 -2447
5 6
5020 -8660 7004 -6518 -5914 2720
-2375 8506 -5643 8652 8819 -7814
382 2100 4321 -9246 -8500 6571
-5643 -624 5497 -5559 -4413 1254
421 7061 7780 -201 -3776 3770
1 6
-9035 -424 931 -736 -416 -1772
2 3
-6288 -7722 -6752
7372 -645 2050
6 3
8330 7355 -1831
-9247 6359 4779
2388 4981 6443
3889 5639 -5727
5972 -7235 -9456
6554 9684 -4951
2 6
-8084 9362 -3624 7387 4047 -5901
-3485 7976 -4139 827 6554 -474
3 2
-807 9066
-1387 4700
994 7125
2 2
-132 9562
9932 -1496
3 6
411 7302 1679 4536 8919 -8943
-1427 -494 -4833 -4957 -619 1268
-734 5069 -4127 -5824 6413 -6840
2 1
-4735
9272
5 1
3180
-8535
-1340
-7988
1011
2 4
4888 2906 -3534 -2850
8293 4826 -8632 -9472
2 2
-9123 -717
-9092 2648
1 5
395 3762 5352 -2355 2678
5 5
-2017 2781 -2428 -4659 -1934
74 460 8125 6384 -8683
622 9104 1344 9912 -2389
4034 -4958 1775 -8402 4504
-2512 -8725 989 -5625 6920
5 2
-5708 1360
6064 7941
-5613 -2796
1757 6184
-6579 1788
1 6
1798 2459 -9445 5502 5787 4051
4 5
-926 9247 -583 7108 2189
-1949 -8522 -2985 1302 896
7124 3241 6942 -2453 -6872
-8224 -4556 1130 1024 6191
6 1
-7631
2565
8822
-8622
-6122
6857
6 5
1300 3798 780 304 4273
1775 4101 -396 8036 4056
-2355 2128 5299 1539 -5559
8186 -1364 -956 -2896 2461
436 9546 -8313 3196 -8286
261 -8142 9136 6333 -4069
4 4
5575 7051 3872 -4121
1514 7699 -3173 -5406
4093 7790 -3788 -6351
-4896 -1673 9199 -3787
4 1
3295
1543
9123
-3418
2 3
2530 4446 -8643
-8658 -1807 9937
6 6
5660 5071 3904 9400 3905 -8307
1163 7700 6966 8823 -4828 -6731
-6832 -3338 -2368 1986 -6686 -2314
8753 2015 1651 -5724 2066 -1646
-4125 5509 6350 -7285 3218 9549
9213 8307 -955 -3143 518 8380
2 3
5322 9480 -4342
6884 -3617 2879
2 6
2579 5356 3705 3009 -4215 -972
4015 -3835 5129 -4122 -3708 -3093
3 5
5811 -1292 9529 -4975 2270
-3483 -28 -881 7611 4643
-7647 -9628 1959 -8229 338
6 1
6217
9570
-1163
3204
-1003
1926
2 5
-9851 2674 1271 -7631 2187
9271 8224 -217 6019 3766
6 6
2435 -475 1355 -8359 7937 -625
-4617 6661 338 1553 8495 -2182
-8740 -263 5026 1858 -2013 -1443
3799 -1631 -6410 -1042 -8846 -7851
3980 -5493 -692 5434 7745 8254
9105 -7494 7315 -458 3430 -5802
1 5
-1253 5758 -2963 -7268 -9303
6 2
-5666 -8773
-8888 -4059
-9157 -4387
9910 -1709
2169 6321
-8216 7519
4 4
-5510 -7786 -3631 -6269
1014 776 1763 1118
7935 8812 -7598 -4016
4638 4648 6870 -1715
1 1
-1736
3 2
-2732 -2475
-6109 3766
-3622 1709
6 3
-5849 6389 -7131
-4236 -8738 6765
2166 1073 2979
-19 -2703 -1295
-8308 -722 -412
-7701 4886 -7170
5 4
7859 -4546 7804 -8057
-798 7369 4043 -7173
4779 5936 -469 -9976
8790 8123 95 6745
1049 927 -5383 -6755
4 2
3642 -5731
1743 7317
-9185 -2535
-287 -9732
4 5
3832 -8035 -550 -2091 4836
5558 -5157 8584 9937 -2350
7063 -5995 3653 -82 9775
1941 8464 -5585 4461 5721
4 6
-6575 -6059 9517 -7348 3811 -8663
6714 9877 3688 4178 7723 6902
518 -7229 -2519 670 -211 3142
5155 9765 3421 70 -7676 -5665
3 4
1270 2203 -3659 -3299
7293 -333 1244 1990
-6884 5562 9654 -2988
4 2
-5588 -1430
-6320 -2846
-2955 6856
6410 500
5 3
9691 -6603 2970
1611 -4926 -2612
1110 -4007 -1477
-7639 -5979 4861
-6073 -340 -4047
1 5
-172 5205 6607 4035 -3154
5 4
334 -9040 -2512 5568
-1601 1812 -388 -7231
8592 -8767 3234 1570
-4994 -1971 6609 1126
4300 7841 3348 496
2 1
-1225
-1780
6 6
-9994 2904 4247 4286 2437 -4088
-6390 -4552 -6713 7446 -6906 8494
-1614 -385 -7243 6854 -6569 9588
504 7617 3616 -3259 -7235 6104
-957 -4175 1129 -420 -9886 5695
-3294 -3811 -8567 2063 -5957 4763
1 4
2826 -1174 -3984 -7204
2 1
514
8091
2 2
-5890 3460
-1167 -4035
5 5
-543 4531 79 -587 5836
1333 9586 7594 795 6118
3118 826 -4960 -7593 4915
9607 -4563 -1294 5068 4389
7030 5761 9520 8683 -6195
1 4
9110 -7213 -162 2773
4 3
6241 1207 3358
-13 -440 -7910
6874 -5296 -9454
8405 6160 277
4 1
-1237
8478
-5902
-2422
2 2
-7031 5162
3771 -2945
1 4
3900 8859 8734 7935
4 4
2976 -3022 2548 -6057
-5281 -119 5161 7087
2318 6394 -1860 -7023
4552 6067 -3464 -6598
6 2
4232 -3516
-5340 -3351
7950 -5213
-6425 -1510
7511 -8240
2507 7507
6 2
-178 8789
-8298 -1811
-3714 5654
-9074 -4069
2132 -246
-8162 5769
6 1
1002
4496
5550
-9511
9575
-8028
5 6
6516 6387 -6024 -9733 2104 -7757
-9331 9134 -7276 8465 6311 7364
4740 6025 9034 -2321 -5692 7569
-8873 -1946 7100 3604 -1836 -476
8603 7401 5863 -8984 2031 -4039
6 6
-5733 1273 8126 5649 2362 8331
7289 4481 6161 1087 -691 -4049
-4086 4330 -980 -4978 -2879 -9817
-234 9910 -9103 8783 3829 7492
2648 -6946 -1892 5694 3755 -7999
8652 6898 -2605 6285 -2525 -8501
4 1
9527
-2153
-5639
1661
6 2
-876 1383
-4360 -712
-154 -4279
2526 7140
4900 6496
-6281 -7029
2 6
-8937 8320 -1894 1284 -273 -3938
-1719 -4400 5159 6813 -1576 -6362
4 2
-4902 -4905
-5138 1908
-5341 -5589
1310 8579
2 5
-9925 -1683 -1857 -2646 -8533
4765 -9864 85 -9668 3293
5 5
5367 641 -7834 -611 1538
8054 8128 405 8556 8680
9869 -6697 -4616 -2165 -2355
-1951 -9116 -6566 -3750 -3945
4031 -1586 3154 -5568 -7803
3 6
5781 -236 7095 -3563 3151 -6525
-951 2869 4000 -399 -5272 -6776
6925 9634 4464 6504 1273 -5224
3 3
6032 7811 -2478
-504 -4370 5639
-3438 -3682 -9297
1 6
-601 -7631 -5754 6725 5634 222
5 3
5118 -6173 -4707
6280 5658 5361
5684 6358 -5867
-4493 -2048 9713
-1182 3502 8685
3 2
-1241 -7846
-6455 2660
-1876 -9469
1 2
4370 -179
6 5
1189 -9664 7744 8967 -3886
-9244 8000 5096 9881 9774
6863 -5644 -2866 2566 -4511
-934 -8703 2269 2879 6457
1181 -3232 -9347 -6343 -9620
-8700 9301 -1739 3892 2645
1 5
1675 6380 7064 -3592 4093
4 5
2157 2867 5115 2978 313
-1462 8975 245 5356 -5984
1175 -5872 3094 -3447 -4376
-1654 9717 1045 -4733 -2861
5 2
2965 -4213
-3884 -9622
-909 7726
-6114 9948
-9289 -4377
6 3
-454 7344 -3748
-6204 6092 -559
-9283 8176 6535
4164 -7370 9205
619 3957 -9628
9847 1579 6768
2 4
-1815 410 3457 -2360
7997 8328 8119 903
5 1
8422
7776
582
6207
3445
1 2
-4108 9985
5 5
4908 1330 503 6671 953
-9907 6396 -6195 1244 5387
-8227 -509 9957 -4826 -2920
7779 6426 -6908 3592 -5586
-7129 -6141 117 2187 -9844
2 3
-5112 -8835 8132
-2235 2669 7100
1 2
8877 -8820
1 2
-6239 -8190
6 2
-7518 -8682
-4194 466
-8965 -1748
-4940 7377
3149 -6534
-3464 1599
1 3
8869 -9915 3160
2 4
-3584 -8264 -8419 2525
7292 -7285 -4943 -6483
3 6
1061 -5379 6686 3120 2284 8334
-9197 8954 -8153 -1878 -9530 -7981
-4986 -7676 -9675 4953 5524 6576
5 6
-4226 -6645 4410 5718 4967 5229
-1911 6456 6892 5573 2499 -3877
-3535 -8442 5609 -1556 8201 1029
-4512 5263 -7445 -8464 -8685 -1066
-8642 -4039 -1831 -587 -3245 1756
2 4
-7525 7758 -7340 9100
127 5850 -2926 -2302
1 6
-8672 2777 -3711 -3065 -587 -9542
6 5
9132 -5275 5617 -4230 -7929
6501 2696 6205 8189 -1634
1779 -7286 8775 3633 -9183
-4566 -2342 -514 5510 -897
-3531 4772 -7727 2611 -4567
7585 2163 -881 2448 3251
2 4
3280 -8959 -3810 -6151
7348 -2169 -8579 -5183
5 4
7517 9939 -8240 5499
-9367 388 -8075 -6162
6311 -7752 -6504 9899
-2582 3668 -9039 -3360
-309 9933 -1783 5265
5 3
-7509 -7331 1251
181 -2889 3433
1141 9992 5336
-6575 -2658 9961
4582 -8053 9146
2 5
-1743 -9007 8996 2819 -5496
8658 2004 6939 2590 -5054
5 5
-3303 -1586 -1791 -2540 -5756
-6318 4609 -4082 -6324 754
6592 -4059 1938 4874 592
984 2487 2369 -9756 -8284
8324 1351 -7742 6830 -1888
4 2
-511 -7506
2815 -4991
-52 5339
-6226 3683
3 6
-7180 -13 4346 484 -8904 -980
8756 8444 3967 -670 -6088 8692
3745 5703 1893 5671 3204 -8656
1 1
675
2 6
-4792 -4951 3964 -6812 -5167 -5699
104 -2664 -4957 -7363 -5799 -4511
6 2
8753 -9207
-233 4293
3901 3871
-5342 -454
-7121 -4958
8388 -943
2 1
8378
1865
2 5
6329 5252 -3822 -7819 5595
-178 7882 4322 8945 913
5 5
835 -4384 -3171 -4936 -9042
-9433 1672 -165 199 1785
-8487 -8887 336 1405 -8294
-9041 -2922 -4806 -498 -8234
-2276 -9952 5841 -24 -5015
3 2
2615 -8463
1443 -3634
3543 7544
6 6
2701 -1442 6978 2224 -8532 -9975
3308 -9581 -6442 4806 -2162 -7795
64 -8228 6053 -9737 -419 9587
2193 5257 -5502 -2483 -4481 5913
-207 -6214 751 8330 5754 9591
617 5537 -9068 5368 6228 -9174
4 4
-8977 -4491 -4800 1302
-9740 6785 4287 -9197
8868 9893 -4096 5440
4217 9446 4982 -5023
5 3
6724 6987 -7081
-5696 -9551 2964
9483 -9719 1693
-4282 158 -7378
-9548 -854 543
2 4
6952 -7682 9804 -9561
-8768 4606 474 -403
1 6
9512 3037 7871 573 -9004 9634
1 2
3425 558
5 5
-1241 2453 -6639 -597 -5859
-8123 -2170 3586 8971 545
115 -7054 78 -1744 -7155
9395 -3001 -7105 -4573 2416
-7863 8769 299 3084 946
6 3
5958 -1069 1818
2772 -9925 -7939
2888 543 7159
-1922 3096 -1763
-2344 -927 -2085
-8808 9249 -1067
4 3
-4510 8067 -6376
-8559 -1679 2915
8512 2069 -6400
-9453 -5482 -1407
5 4
-2311 6811 4368 6766
-7856 -7396 -5182 5148
-8296 -3953 4210 7019
9364 -4922 -3390 -5167
2283 7083 7547 2885
6 2
6767 4692
2413 3264
4664 4263
-5976 9079
3535 590
-5498 391
6 1
9891
-7640
9107
8048
7719
1418
2 1
-2173
-8930
3 6
-5215 5941 -3698 -6654 -3126 1437
-3238 -4826 696 6502 6535 1252
-6029 -2760 6583 -4780 4536 1407
6 3
-9584 2920 1905
-4259 2661 -584
1395 -8085 9345
-9160 -9089 -297
86 -6660 2560
-3445 -6178 -9398
5 6
-4486 5524 1048 3118 8698 -364
-5056 -4692 -6704 3946 541 6304
-4994 3431 4946 5628 -3977 2691
-6903 -6097 -3776 8332 5845 6683
-7165 5437 -4372 5213 -8841 5145
5 2
-5111 -2254
-7595 -9678
-9033 -7467
5432 -7418
9589 1836
3 1
2416
-1879
-7982
5 6
5703 1127 -88 4844 6110 -9570
9156 -3950 8182 -5920 6123 -5101
705 -2607 6539 -8567 6219 8257
5002 -9110 7100 1850 7849 -2697
-4576 -2960 -8833 -2313 3053 -5133
1 6
3774 -7943 9027 -2958 -5364 7190
3 3
2620 -6420 -8779
-5685 -7964 -2272
8930 -5541 -652
3 2
-7772 -1752
-2724 -7450
7488 3909
6 4
9002 -4092 9713 -5131
5587 -5418 1326 1985
-9030 8129 5813 1215
9499 -8238 -1981 -3858
-2995 -2479 -4091 -5735
-7697 6665 659 -6760
5 3
-4331 4140 -4802
1135 -28 9596
-5231 2308 -5978
-6615 -4277 -7644
6618 -4171 -7595
3 6
-2327 -8133 2215 -3333 4799 -8246
7872 -9769 -4442 4789 -9766 2923
1795 -6235 6181 7372 5942 -9430
1 4
9218 4822 2877 -8381
4 3
2133 -2559 7301
5936 -6108 -2478
1489 7593 -7870
1784 -5328 -1678
5 2
1213 -9844
3580 4360
-9836 5904
2519 -5278
-7659 3536
5 1
6698
-806
5136
-2426
3289
3 4
-6631 8660 -201 8358
-413 -9908 4442 5994
-5593 1287 8748 1555
6 1
2471
4904
5110
7342
-7560
-6687
4 1
-2750
-5172
4220
-3883
2 5
9080 5818 -916 -8663 6082
-6655 8349 7811 -2680 9364
6 5
-8802 4014 3100 -9232 3546
-8302 -8563 -3562 2786 -7791
-2554 -2002 -328 3327 8487
9432 -7142 3405 -593 1243
6390 325 2102 -2806 1148
-5086 -3359 -890 2599 519
1 5
4476 859 741 7787 -9025
6 3
-1541 -2715 4987
6371 3537 -2730
5692 -2559 -5286
-3261 -699 2448
8214 -8155 6845
1013 -6171 3106
3 4
-2745 3389 -3914 -2960
9225 8439 -9497 6770
4275 3179 -7124 1713
4 1
-9077
-2724
-6121
8814
1 1
6964
4 6
8604 2012 -7461 -252 6975 -5312
-5533 4374 -6215 213 -6208 2304
9515 -4629 4283 8366 3423 6467
462 1912 9992 3948 1547 -5597
5 4
-680 -7690 9806 5437
62 3510 -3789 -6702
-404 3997 8691 6647
-9734 -4247 3011 9820
-1025 5769 6221 -4837
1 6
-9973 4686 5881 7887 -9351 -9531
5 2
2103 3352
-1870 -4768
-9030 9097
-5313 -7747
3821 2271
4 2
2580 -4282
9371 -7609
-6045 3500
-355 -8428
1 3
8421 -4266 9752
5 1
-6967
928
-463
-4491
1766
5 3
-4442 -1257 1628
2765 6278 -2493
-4568 -7769 -3563
828 -9997 -7159
-1820 7365 106
4 3
-8221 -3180 8282
7947 3131 -7272
-6611 -1614 7933
2801 -2718 -7893
2 5
9285 7025 5567 5049 -3977
2459 4974 -9009 7116 -1776
5 1
1025
-5600
8404
4493
8005
3 3
-1412 9039 3971
3733 7879 9915
-6406 -3468 -7716
4 3
-9726 -9839 -2193
9634 4347 -1175
-6387 -4005 232
9825 -9893 2771
1 3
9089 -4975 8198
2 1
7834
3412
3 6
-5991 1656 -634 -2744 5830 5993
-8168 -3944 -5661 2807 1911 -2137
2285 -3524 1233 -9775 4856 2848
4 3
-1118 -2980 5006
8042 -3462 9098
3733 -8922 1232
-8134 5278 2202
6 5
1824 -1395 -8460 1290 1542
-9051 -1088 9647 -3476 -3786
8710 -8134 -6259 7881 -6511
8624 -7910 5530 -1838 7420
-1444 -4472 -6946 -7029 8420
4582 -9887 8403 9556 -9857
1 2
4526 -6136
6 1
5161
6047
8626
-9190
6396
-881
2 4
-6408 3651 989 -4106
-3681 3586 8101 3899
1 5
9477 -1702 -6583 4886 -7655
3 2
7901 857
-6424 1826
7758 -7478
4 4
-6106 -8684 -7928 633
8031 -6829 2204 5025
476 -3270 -1054 234
7802 2545 -3604 -2316
4 5
3152 -9202 1827 -4785 -3815
4349 -1166 3888 3950 8363
2329 -665 8493 7879 -3672
8085 -5338 -3510 9289 -4161
1 5
-1032 3255 -8608 -9157 6393
2 2
7982 -8887
9469 -9912
2 3
1685 -1568 1125
-4621 -9660 -1486
5 1
-8549
-9430
-6696
8339
8182
5 2
9783 4226
7432 -8387
3980 7272
6265 -7693
5956 -2524
6 5
8782 -3390 -1631 -7648 1575
-6299 25 -5524 -4969 -7565
9249 8365 -1493 -8223 -3999
-6255 9010 5119 6673 -300
-9366 -3080 -201 -9536 174
-8553 -2415 347 5456 6562
5 3
-6398 -6423 -182
-2397 -1124 -4751
-4435 7113 1059
3161 1945 8888
3882 -5219 6148
6 1
-7522
4140
-9251
8337
5174
-541
1 2
6452 -9599
6 3
6829 -5096 7916
6919 -5683 -7735
643 8037 -6683
-8400 6749 1746
3448 -5325 -5517
-8789 -2183 4006
6 5
-940 -1238 7880 -9341 2089
4899 9826 74 -6796 -2744
9581 909 3528 -2363 -445
6152 9076 -6531 121 -1696
9127 -8571 3159 6458 334
-7637 9891 3984 7949 8536
4 2
-3124 4626
5065 -2587
-3987 -8716
5637 -7591
6 2
631 -4942
4588 8710
4244 -1436
632 -1388
3203 -7432
-8944 8234
2 5
-9663 -1342 5742 2870 -2598
-9978 -4280 -6544 -8729 -7208
3 6
9506 3652 -8786 8580 -3371 2437
-5335 8835 7351 6469 8249 9840
-5074 -2455 3358 1405 1053 -8968
4 3
-9851 3642 -56
8151 -408 -5319
-7401 -869 -1369
2422 8355 -4466
1 3
1338 2041 -9497
1 3
-3304 -9402 -5244
6 1
-4118
-7879
4022
-2979
1540
-9074
2 3
7075 -1128 -3105
1223 840 4665
5 2
5786 -2265
8516 -1859
7778 -2212
-8269 6226
5945 -9229
2 5
-6963 2765 -6311 4959 2458
9800 2698 -542 8016 3158
1 6
-6906 6295 191 -5660 -2798 -4965
4 3
-8093 -3093 7161
2923 1830 1133
3979 -8048 -65
8267 7657 -6590
6 3
8750 2090 1724
-1571 -1657 -6612
90 -9893 1756
7675 4976 -563
2942 -1162 -6587
1785 -2607 2021
2 1
785
2138
2 6
9784 6020 9555 7703 6458 -316
-4292 3611 6350 9513 -4616 -7061
3 4
-869 -1916 -9116 -3512
7527 425 3885 -9009
4210 9512 -3963 -9022
3 6
7620 -8603 1672 4352 9398 9973
-9013 2274 5389 7056 6834 3282
7915 -6282 3193 8609 8446 8134
5 2
-1931 7020
908 -1623
5191 -3835
-4130 -5731
4127 3309
5 6
7021 424 -6770 -118 -4236 6718
5520 -2907 -4083 -1088 4714 4218
-9215 -6755 -7081 7726 5126 -4539
74 4762 3043 2339 -1663 -5542
-8583 2086 -9210 1895 5812 -7309
4 5
-5284 -4005 2354 -3725 6445
2332 8880 142 -2718 -6833
5718 -8818 2777 -7165 1436
3826 3604 -1697 -3776 8874
6 4
-3877 -9148 9937 -9814
4350 9815 2647 4407
-8709 8246 3031 3932
-1397 -5623 -4805 -7433
-2867 -1517 211 1932
9957 7943 -3208 -1371
5 4
3880 -6911 -9853 -8827
-1011 1171 -2573 111
-7484 1323 5720 3857
4934 2790 6086 1166
-5810 4215 6732 9154
5 3
-8876 -6537 4233
-6437 7282 7811
-9674 -9806 -944
-1357 683 8847
5754 9291 -2200
3 2
-8344 7116
-8893 6977
1249 5567
4 3
-7734 -7500 -7160
7054 8694 -7579
-8911 -524 -4485
6110 -6387 6406
4 6
8562 2492 -9417 -5994 -1794 -7595
-6751 573 3306 -8459 2765 8089
2021 1180 5190 8256 -7077 6508
1081 -5605 9762 -3012 -2651 5046
6 5
4602 -9438 2322 3227 3188
2573 9459 -1181 8528 2
-4456 -713 -4904 -6066 4707
-7694 -9244 -2784 -9429 -4904
4126 -8908 -2388 -7601 -6861
-5761 4533 -975 6778 5267
6 1
732
-4685
8040
-8008
8977
2323
2 6
3581 -2880 6233 704 -6693 -1659
-8792 4341 -5954 -3040 4947 -5398
