2000 2500 20
1839 71
1049 1773
100 586
822 1121
1050 1234
1586 1429
1151 1937
1136 378
750 346
1305 1404
213 799
77 1391
275 1511
1377 552
571 544
1103 67
972 57
699 1037
1409 808
1538 782
98 125
1699 76
1417 842
1895 1919
289 1889
1578 1530
1544 1067
1428 1194
822 173
1597 23
59 420
1598 424
1706 1877
1594 1522
1384 473
1643 1454
1956 856
1101 887
645 330
1595 307
1537 1297
1659 1766
169 872
37 265
964 757
813 152
837 856
1981 1
137 175
353 1818
235 696
1424 485
1462 837
1765 1184
560 1981
1993 903
1817 1573
509 1917
1830 767
1777 570
852 1511
168 370
821 1133
578 1668
1353 1863
929 1349
510 733
1581 1187
468 533
1059 96
1253 533
1385 1752
255 1669
1359 1382
1720 543
693 878
569 1060
917 607
1594 31
1385 1770
414 1791
1349 1313
727 1980
107 1707
1099 139
1723 1434
725 1922
698 1268
347 1586
451 685
1750 330
648 1146
410 1896
224 519
133 466
154 1944
1323 1292
3 100
662 269
1840 683
815 235
1058 1195
1663 318
296 1600
928 542
1662 455
492 1657
408 1260
1201 511
932 1114
1315 110
80 1505
491 827
1434 1182
1352 1458
613 586
1440 288
1750 1021
209 1852
209 219
1676 1051
1804 13
1869 447
783 753
1091 1219
1622 381
226 291
294 675
817 1752
1061 615
1943 395
1340 984
300 1994
556 493
440 863
55 589
80 948
1814 333
1283 343
1291 56
1228 1141
9 1800
1782 332
264 1345
1292 1219
795 921
981 1457
1053 1248
326 770
1952 166
1741 700
841 1914
1159 1574
1591 146
1949 1760
1118 1634
1704 1529
941 1154
805 1495
1541 1805
179 1224
757 201
937 599
1036 341
123 1216
1480 1173
182 611
276 1808
1793 509
697 339
885 899
1776 357
124 724
1584 873
1659 934
1587 932
591 1177
310 17
1913 1528
314 1481
1795 1237
1326 342
509 1667
194 27
1032 1338
1091 1115
1949 168
1619 1537
865 998
1389 1704
1233 459
78 844
543 1168
705 765
1566 880
1641 621
764 1067
989 1510
1868 565
431 648
1255 1243
1973 1730
203 600
1713 887
306 1832
136 1128
671 1426
1997 1891
211 924
1123 128
788 286
129 215
709 1782
1302 1430
331 620
1877 1843
1325 394
343 439
1222 61
438 1747
34 433
1801 327
107 162
674 787
339 897
284 668
1758 1129
840 1169
1458 1780
1830 1624
1889 1456
1969 1602
1571 1119
1651 1302
1544 794
1885 91
1858 439
381 1022
417 1392
1094 1820
971 36
1111 1328
676 1388
284 695
1764 67
1665 826
455 953
1081 1263
1860 565
1934 1811
1474 1842
877 1646
651 531
897 1221
556 368
1278 1493
1121 1970
1914 54
1900 1192
811 999
1682 940
864 483
912 517
1314 1169
429 1820
773 1172
1227 1285
1095 1929
1665 267
871 720
1873 102
1337 1788
1097 880
250 1189
487 638
1749 1134
452 314
1575 162
1991 1674
1478 1317
1449 67
1443 126
444 205
101 855
295 1422
1612 933
1310 1571
1043 1455
68 1943
1071 36
1287 638
1016 1701
547 1527
867 725
1442 1993
652 1775
627 1794
426 1245
644 1288
354 1754
698 820
122 157
694 1545
389 522
457 1162
1324 931
1366 1164
768 562
1362 1110
1130 1348
1453 1291
1659 232
148 408
1909 1100
538 1256
1016 903
538 1476
1427 1319
1384 1015
1653 810
1965 1344
720 1578
1257 199
1371 793
804 1469
1482 1947
188 277
647 430
576 1771
349 1491
1968 470
1397 671
473 1001
1720 1086
1190 763
1602 1032
424 1828
767 1576
1206 717
691 1066
1775 955
691 1487
206 215
1747 1605
396 871
1933 238
923 1172
1157 585
1320 113
1592 1677
1027 221
1895 1307
919 1321
1407 396
1669 999
1857 1717
58 1990
1668 1392
1692 708
1378 1681
1078 917
534 1961
776 1183
698 1835
425 397
1741 8
1409 1667
631 1763
785 1117
876 451
39 1400
559 70
1561 274
1069 1907
537 246
800 1727
789 618
1167 1924
762 1628
1917 706
1671 821
224 1927
152 1794
848 1246
1689 1402
667 485
1667 50
436 666
848 1218
1041 1586
761 510
892 576
1614 412
1262 1069
524 314
626 881
653 1556
1338 1941
1827 72
546 298
1283 908
744 1169
23 1495
16 1589
1448 160
1906 1557
986 842
625 1118
418 497
565 622
328 848
352 416
509 580
1630 869
132 1308
1514 1571
560 1987
1819 828
1433 1798
832 1009
1129 1623
1722 253
1579 659
1567 1150
1474 573
598 791
1822 992
1904 181
1356 1306
1453 1825
498 1080
1378 406
1999 1418
1485 56
1519 146
1659 987
1918 416
711 1841
1589 593
1779 1384
1629 795
146 199
1645 683
446 1739
616 1520
377 1233
1307 758
557 1487
920 1618
970 791
14 1663
686 810
583 1743
188 1915
1451 1021
874 1909
770 1189
265 735
230 1853
1851 608
1680 1547
1387 1145
182 460
1873 1062
345 823
1740 1213
1585 3
790 750
796 1873
1021 785
567 839
378 143
1860 1046
1460 1115
1945 1374
1670 1151
1600 527
1733 1518
454 184
1064 558
1412 560
1394 1560
1503 1163
267 1523
1814 1072
1026 798
865 696
1480 81
703 670
369 1443
1322 302
730 890
393 799
377 1083
917 1994
1944 646
1530 1325
167 1987
1618 299
1642 1408
650 87
1329 600
1191 150
1797 1894
1083 1046
490 433
766 925
314 64
1256 567
1936 762
1077 323
225 71
716 361
746 1502
1749 1163
721 683
1721 1234
1718 1026
1779 1564
18 37
1540 1960
744 642
1097 1371
1962 184
1019 1090
103 1170
1128 1977
1621 1454
862 1407
154 496
139 1596
202 1384
1772 1915
755 209
1785 731
1587 523
1199 333
1467 150
366 1649
1492 31
1100 467
1966 1267
1671 384
1136 1728
130 1859
332 121
1007 38
1742 1935
1129 146
923 1103
1285 1264
235 936
822 800
187 39
1869 1953
1474 1784
675 307
1867 1188
970 1518
1738 1461
1014 1144
825 802
1504 253
259 365
1394 749
448 1254
782 1666
1009 1797
1866 432
1249 161
847 160
1133 1763
1417 1829
1473 16
575 1111
1672 1403
631 716
923 971
1520 227
754 1444
723 1002
1468 1177
68 1722
872 573
212 1926
586 1989
1067 312
888 1315
1887 1471
814 525
554 847
2 585
1465 824
1755 495
1945 45
923 1886
641 460
640 969
1748 1931
1600 1684
1190 1799
1312 311
1894 959
1392 940
1261 1527
1725 572
617 1194
1212 1426
1674 1563
137 1594
530 850
391 225
1577 855
783 1335
1347 1527
1065 782
712 1248
724 403
1750 1499
1240 402
619 355
1204 1698
1611 109
1478 272
1375 493
1742 1866
1376 1563
824 170
203 1777
1857 1814
531 741
1776 149
522 619
426 1768
1824 1756
1553 1320
1031 46
1856 684
862 523
1023 1634
1231 544
9 1432
273 96
508 1495
1633 330
1857 826
1127 603
665 112
437 895
172 562
577 1528
1869 1736
1604 564
1827 268
1129 1792
566 1264
1802 591
1303 1685
1412 1319
306 942
316 538
223 944
35 1894
669 338
1007 1508
1608 1505
111 623
758 705
1816 156
216 1901
1827 1766
550 208
259 980
968 257
846 1104
1828 678
126 888
465 645
158 141
1038 1681
1569 1041
559 952
722 1543
134 1986
1920 1455
1449 875
851 286
1820 1759
132 1384
1700 1372
1461 311
1389 195
892 700
383 1421
525 475
1296 1046
161 44
173 327
130 40
745 1367
1713 271
5 1055
1068 174
1905 883
429 1753
775 360
955 1069
771 776
1036 280
1106 1044
1579 939
1157 494
595 194
996 1503
1034 1265
890 810
229 1131
1470 244
1576 1766
364 1703
1024 1
1799 847
555 560
1626 662
1899 1902
812 1087
1710 490
92 352
1891 1469
273 1705
1168 651
1588 816
1919 831
1048 25
1103 294
138 1560
1483 734
1773 924
522 851
426 1212
198 526
1232 354
1250 266
1412 609
805 794
1239 516
1230 391
699 416
80 1138
926 1431
241 1241
712 859
1494 125
387 325
292 864
1350 858
515 1487
1232 864
1045 1639
1297 1612
666 1785
1835 1213
1061 914
437 1852
1456 1200
1385 689
540 1387
1843 5
160 1663
140 1464
1821 734
343 1565
96 11
1636 754
1240 1196
1681 1406
1190 1368
37 385
896 112
41 1310
958 240
1560 1555
1612 363
1978 1472
488 298
562 193
1386 17
1762 445
805 880
392 637
62 1297
337 993
891 30
1517 765
1497 1312
785 1854
1384 1949
347 1337
482 87
688 1840
107 1138
1231 1812
1746 123
1951 1603
154 1551
667 599
1185 219
863 367
661 1547
1513 305
910 1011
1460 1944
1179 75
855 264
1205 1469
982 1056
599 1348
222 1868
987 867
1007 444
1620 1626
1309 1040
724 1220
1455 612
1522 434
363 1021
131 134
1439 502
1991 900
565 1666
1991 894
538 1433
131 1076
631 354
1229 1770
507 1966
163 1100
415 242
1322 18
376 368
1705 1606
252 203
1362 185
1784 1632
690 1680
442 21
1366 850
152 1144
1194 1474
114 888
686 1637
878 1216
1651 1091
1807 374
1714 694
22 993
1517 21
1218 164
381 228
472 1280
470 479
1135 348
488 1731
1902 1270
771 1702
404 786
1779 1688
56 1301
981 1923
1786 636
229 375
1816 649
911 1003
545 393
1372 1174
661 767
1941 976
319 1612
605 1021
1596 1304
342 927
1453 1027
236 1216
539 104
999 1542
93 1964
52 828
1140 590
693 867
1897 1783
1389 1075
684 11
227 1454
807 1516
1698 478
1681 288
162 90
1348 772
1968 1611
1236 45
1267 1473
1083 1647
441 868
1510 943
1985 1739
1372 346
885 1949
1132 735
639 1568
611 70
53 1498
877 1036
1090 812
828 83
1691 211
298 80
1219 1119
916 791
1369 1306
1644 923
1243 596
804 729
504 1167
253 391
60 1539
881 1193
1869 1252
357 672
894 524
486 652
1010 1295
830 583
491 674
1023 1213
1980 1999
743 924
1711 1261
1614 400
553 1535
1346 1613
1556 1918
1374 614
1345 1728
114 1966
628 371
1231 980
226 389
1137 1527
821 1974
242 981
1972 916
1887 985
1471 978
680 1586
295 1461
801 133
537 738
1290 311
1925 1636
441 1213
1114 663
1999 1904
1796 25
1160 384
44 1145
422 1062
1182 778
1155 1886
589 693
1932 577
564 1834
1928 1592
1606 584
357 706
1310 1092
1161 1773
1333 695
285 307
1047 1581
239 378
1120 907
379 1856
1927 18
970 1696
302 452
1900 1380
1978 1889
1909 1110
366 411
1428 926
944 1886
1070 922
1143 657
985 496
484 905
927 1867
1851 1909
1826 1228
1788 116
1857 76
1683 868
1657 784
1228 1750
206 1737
630 38
1744 147
245 1752
484 1404
1693 458
1512 259
1572 1696
489 1493
1148 933
1289 1798
762 1533
1931 569
1479 207
74 1709
1898 82
12 1960
208 1166
34 1976
1842 982
1962 465
334 15
1149 1471
494 277
15 1611
79 1674
1420 1463
1280 833
1825 630
485 1230
269 1068
1635 878
335 884
1926 1526
687 1945
1971 424
1052 1762
1855 1368
1790 101
1687 1931
245 1072
844 94
454 262
1332 503
1905 238
679 1484
98 1149
1029 320
1598 171
255 890
567 490
1679 556
69 1999
463 161
1567 1160
1787 965
1 626
1759 1650
141 738
1733 827
1580 51
158 1042
1850 28
1557 1101
704 464
145 101
1142 916
462 1518
625 1437
34 1545
695 558
902 752
245 672
71 1677
811 1627
248 132
1685 1412
414 943
1618 1113
292 1576
1481 358
222 86
689 327
1064 874
1123 1698
935 199
603 167
1653 110
1098 184
1850 188
218 1694
1002 200
33 403
380 477
437 1257
1588 63
1233 1771
606 1561
783 17
1509 1179
1484 751
612 607
901 1279
977 198
1470 178
1025 401
484 665
335 1210
200 1601
1631 1119
391 833
780 1647
515 686
1759 493
1810 34
1220 161
315 1129
149 563
974 1515
843 683
1314 225
1837 303
179 1823
1875 481
1809 477
3 1370
1781 1507
364 1305
1428 1774
1799 978
1648 384
960 1534
1513 1881
505 232
590 1880
1691 8
570 1551
606 1693
629 608
1557 949
176 501
699 1188
1330 440
1640 72
1324 1222
1473 300
1750 1362
1725 901
1815 488
275 949
29 1652
1221 22
1543 1349
1307 1047
1392 1059
1404 503
1405 729
1256 1878
909 331
856 988
579 218
732 1962
652 6
537 1475
959 1211
749 962
1792 1532
1552 1411
116 639
788 256
625 1490
1243 460
1088 919
1727 263
410 1097
131 1878
195 884
115 400
399 1346
251 882
216 208
1721 1398
1716 466
1472 1678
1844 49
1654 499
1340 1259
975 705
578 356
1033 1357
824 711
1199 248
1675 1799
1797 1765
415 1415
1595 1998
381 1879
792 194
373 911
1102 604
1550 662
865 47
1863 336
28 972
1195 1162
654 1845
1854 660
261 1930
993 1993
1641 375
1517 1175
1275 1529
1526 1440
1186 1948
262 1819
829 1880
749 576
1127 1932
251 1183
1908 1329
814 1519
32 1312
1635 1919
1546 1542
508 1787
921 1730
1427 1069
1862 1649
1355 838
366 1010
1712 508
2 6
729 1832
802 1632
1078 1677
65 1050
135 1878
736 513
1316 1135
1560 1635
152 282
1377 1466
324 440
1475 9
999 464
1186 552
346 1830
91 155
204 1522
1250 857
829 305
1463 357
985 140
837 1283
278 1087
1383 72
1427 1000
1447 1549
822 1402
1723 1238
296 1426
595 1935
1658 1538
1331 1373
1239 1242
1940 1419
1450 247
1417 336
872 291
475 677
255 1876
1284 77
307 1817
1125 787
1860 1364
1352 905
1709 1890
111 74
1085 1682
77 524
1349 702
1625 79
1852 157
1082 406
169 418
365 536
695 995
703 1264
1318 1712
1461 627
1473 452
1912 1079
1107 15
1475 712
362 1931
1206 700
1237 925
39 740
470 82
1014 1502
544 258
491 755
1611 1122
614 1791
954 1117
1805 129
1641 1493
1279 547
321 1798
723 1911
1126 1366
1158 1593
1604 1157
202 963
1429 1883
1629 374
1864 890
1631 1450
1686 1433
1024 1488
104 10
1617 1647
1368 1320
1496 1517
703 1064
1327 1573
1454 1923
428 714
1937 730
1694 1952
105 1038
348 393
1140 1413
95 785
861 950
1477 176
435 781
334 763
1215 74
1942 388
1607 1599
1911 862
1847 1555
1660 1093
727 234
96 466
785 1533
1761 208
847 990
1072 408
472 971
1555 214
518 10
774 131
538 1074
714 54
585 1463
1154 549
871 1617
1173 279
1799 1497
1599 688
1197 997
1903 494
1650 601
1881 20
915 484
898 1775
304 504
1377 153
1032 870
1934 719
1883 18
557 1844
1765 732
1143 1890
876 1605
1904 1323
1965 1982
1051 395
446 1113
143 805
380 1284
1699 1992
1035 995
1222 514
1424 358
1492 1166
1890 344
730 1406
957 1660
273 1861
740 1128
920 1722
1930 265
902 1360
1844 917
494 1366
401 1235
726 1836
574 308
1897 857
1556 673
1063 1364
1617 1210
1154 443
828 1508
788 765
1582 1084
1172 156
437 254
892 1251
1771 1956
992 1992
1119 235
78 799
1167 511
1885 282
704 1828
528 819
1170 1838
1820 1917
19 516
455 1060
833 1423
1071 1913
1110 1772
1235 1181
1078 1616
1604 521
1240 748
1351 672
1524 1247
794 192
1455 1003
957 908
1556 388
764 162
514 1028
640 1746
1483 1381
4 423
526 1996
279 1791
106 1281
305 1415
1010 105
656 1784
191 1557
433 1479
1445 249
401 1860
1459 1361
968 1222
1445 918
560 1614
1500 1932
1341 309
1489 1507
1691 49
1033 942
1269 1127
1079 322
347 1648
1116 1753
655 1555
206 451
1478 700
1170 922
1693 1410
640 993
1855 1121
1926 214
88 1630
1692 1780
769 1872
30 355
765 829
1163 225
1345 835
21 1051
1652 391
1130 369
1811 855
156 747
1995 76
140 1140
1893 69
1997 1339
1745 1664
1410 401
1337 1631
1213 544
1039 1169
733 1771
1819 977
912 1983
940 1340
1768 182
1902 1438
1538 1013
570 213
1363 794
959 1676
1868 350
1504 1237
703 949
1141 250
1546 1280
521 996
1968 1162
891 431
676 1846
1991 1430
1841 687
1954 1634
790 1489
1567 1404
476 1445
537 188
653 393
671 1406
810 1405
1840 1864
572 299
1655 964
261 1625
993 1963
931 1898
737 1232
584 713
367 276
818 399
1835 366
1784 1202
827 1680
1273 161
411 287
1023 1030
1394 1084
1903 642
659 1415
1226 174
1130 76
1003 942
1011 1840
91 51
425 96
247 1300
112 709
1184 516
1209 1805
62 822
1624 48
165 1740
1369 1919
865 754
854 809
1939 1752
1295 530
1633 142
1393 575
1769 597
788 1212
680 1785
1366 973
1043 1938
350 236
1148 446
735 751
1906 142
1518 1288
1639 1692
1355 419
1225 449
254 237
1607 1534
883 828
1393 1317
1183 1399
1071 1309
759 398
834 413
1065 1757
357 1747
1506 522
1311 930
1687 643
1532 83
1587 1187
437 1395
1672 348
631 1588
1555 1715
911 157
1903 1893
1240 60
1331 290
707 1897
601 1699
164 979
1616 1108
1027 1803
1362 1721
1932 814
333 1589
1350 244
1745 1450
1087 629
598 1314
862 99
583 1559
517 1690
1498 1022
344 211
488 535
632 828
1653 509
246 1703
1552 963
7 1255
678 1661
1676 569
176 1975
193 1012
806 1516
643 1361
1884 425
1618 1959
459 732
1699 604
1865 232
1303 1824
1831 1148
1922 752
1032 1947
435 906
719 1859
1561 624
789 1281
1368 118
1458 463
1590 1552
440 978
459 1167
606 554
1294 1414
1081 914
1049 1937
1528 725
121 1838
849 1148
1488 679
222 1870
580 197
1435 1008
1196 918
108 160
408 1488
1218 1558
1368 1066
733 423
865 728
421 805
584 1812
1190 424
536 742
1701 1322
941 815
820 86
769 1483
1706 1070
138 594
1799 808
1923 674
1354 1803
240 1306
1176 1026
1054 809
1808 764
413 1711
1850 1700
1590 198
176 1278
1449 1718
1017 1814
1708 986
1403 83
635 1567
938 46
356 444
916 1344
306 1281
279 910
1899 564
455 422
1518 1497
210 489
207 1024
404 1063
963 486
930 1854
751 1363
869 369
334 1269
1050 672
1952 196
1376 855
630 304
1755 854
543 220
1694 1217
1003 683
409 381
164 668
1957 1650
535 1534
736 864
35 829
1537 244
1076 690
487 558
1830 351
651 231
230 976
73 468
684 32
853 947
527 38
591 1417
966 1173
247 683
405 1744
1388 942
154 908
427 607
1232 1814
1165 976
1220 1961
742 1022
519 1266
1531 1550
297 1480
549 1635
836 1430
1973 758
1902 477
1481 359
289 1554
1471 1847
760 315
240 1258
37 1097
1175 418
322 1800
1077 1237
697 48
1106 757
190 973
195 215
329 896
1321 1340
399 1019
1428 453
1753 568
147 1926
587 141
1039 1440
1553 101
1818 592
397 1243
1608 708
1431 95
117 1233
119 1632
673 419
961 1473
1272 1364
710 1610
1133 1645
2000 1307
600 1225
1776 1436
1002 1180
410 802
1235 266
1163 1299
789 337
1522 998
1202 974
1921 938
1211 602
1158 529
1767 650
1728 1362
124 642
840 972
1226 407
119 738
408 115
311 644
234 1433
803 1902
99 1636
1370 329
607 1171
24 1482
1964 1274
1630 592
777 1807
1347 16
1713 1296
1642 1410
98 15
1279 552
294 10
1334 1169
1100 637
1653 238
1335 263
939 498
14 363
126 866
804 1781
1018 1821
872 1721
1849 930
97 1137
477 846
1836 1988
529 1503
1253 1650
413 1755
1982 1834
1857 1998
432 1271
1419 1609
1702 1619
1996 604
1452 1740
508 1352
1921 984
471 1573
1507 1444
703 1119
86 835
1470 1459
502 197
1609 1578
361 1789
1944 1209
1668 1801
683 672
1539 136
324 1988
636 1441
626 78
483 1715
1588 1360
1769 1726
1272 1403
732 859
679 1888
797 1550
889 1176
1866 701
181 134
1319 732
43 349
237 1003
147 1361
726 1524
1453 307
974 1994
1555 1154
1998 1781
521 243
934 638
1027 1603
1077 1624
1108 454
200 1093
1583 1205
347 214
104 544
1109 753
878 1562
1703 449
615 217
762 104
437 710
76 953
316 1638
983 1833
351 1158
1192 1404
1762 85
882 1921
551 1842
1812 380
1450 1837
689 784
1585 1454
1734 1340
1208 1982
843 1935
1293 1720
485 1178
1351 1193
1265 534
518 230
631 721
1499 1746
1463 829
1824 313
448 873
1314 120
1558 430
599 811
1252 998
875 1239
33 540
90 727
230 476
165 724
150 1623
1757 1710
1096 116
1571 127
1601 1536
1882 757
1131 892
1490 85
1449 50
774 161
1270 1816
1429 562
186 1127
151 852
1700 1847
658 722
34 1682
383 1341
1889 132
1562 855
849 1744
1617 860
371 553
1946 118
1146 1591
158 1661
962 411
566 873
1866 1526
1137 149
1851 1223
1823 319
1037 1307
212 919
651 741
1486 1345
699 1739
1241 1346
1437 263
122 812
761 1925
1152 478
172 1147
1284 509
1911 1530
344 66
1662 56
1615 211
1391 704
516 718
302 609
386 1725
751 988
1814 1021
1391 1100
1758 1020
569 1908
1130 714
691 1118
1904 196
1238 170
1705 1154
322 1064
1418 742
1730 1640
307 806
965 1303
846 713
1331 227
761 760
727 962
1583 1516
956 1099
469 861
1838 1984
654 61
1358 1488
107 1846
1271 735
179 1222
1410 59
1900 20
1215 834
658 430
1244 823
1400 1425
1116 1009
106 1136
1241 1936
177 986
1871 1466
1366 1365
517 1581
448 1548
1093 1758
969 1736
11 456
495 581
315 879
1876 997
40 215
382 431
71 976
635 1958
285 1235
165 1359
794 372
1656 824
119 1948
916 1831
1120 468
925 1542
489 1669
1230 313
650 1848
353 1408
596 807
713 501
574 1464
461 1326
664 529
588 26
46 1435
1453 1778
349 1601
441 1697
947 1466
1969 898
1343 657
1639 1013
42 1281
545 1102
1058 124
1299 1195
1455 390
1715 1184
1368 1095
442 942
363 1088
451 1052
1928 1754
513 1563
1416 904
1371 1074
508 692
418 1355
1744 1990
616 702
1918 1790
174 44
1421 311
309 1102
1414 1213
292 628
7 1637
43 1683
404 1792
362 846
1164 1624
602 1234
67 792
1439 618
746 946
1479 1276
1704 199
1515 1707
1916 151
321 816
182 802
331 955
156 1456
910 597
1623 1007
353 741
1643 691
952 281
491 1301
392 1241
369 579
409 423
1524 474
615 142
1415 1157
1818 134
1540 340
541 1103
781 1092
821 276
752 1244
1203 1486
418 561
909 1967
1176 1511
23 1328
271 1390
1443 333
1743 528
1197 1415
1332 1738
1474 13
932 524
963 1295
1859 1584
459 678
1975 189
1886 1265
952 444
1240 906
1587 293
1034 1817
766 570
1613 84
1214 874
682 1676
529 75
102 1068
475 617
1496 382
780 1715
1341 59
1471 1442
1123 1967
1680 1606
486 775
1976 1691
1301 162
1140 1786
1429 1979
1152 1804
1055 1109
238 1246
1081 1746
1732 32
1872 1250
623 425
1076 709
1623 1257
1007 1042
1570 1100
1849 652
945 1368
1936 570
794 1973
1736 1139
341 317
1392 1351
1222 1410
1406 1735
548 519
886 1254
1415 422
1747 1787
1005 1493
1535 215
582 892
1673 35
1850 1738
779 545
782 438
1233 866
1012 586
582 1217
1373 520
1020 332
1585 972
585 403
1510 986
42 658
210 1275
1048 444
1892 1559
506 519
1284 1986
270 1267
216 1977
1364 56
7 73
1394 633
1580 502
1917 434
664 1335
447 360
452 1539
1655 1327
916 1459
1884 95
1501 445
1282 1755
585 893
1303 997
1359 1470
1676 480
845 966
1469 1785
589 297
666 325
16 1756
763 45
1124 1048
330 364
1507 819
1767 1230
1435 1725
1940 1770
512 697
759 462
1541 1813
571 985
1324 1683
1524 1401
1118 461
595 1117
1687 1939
1361 681
120 455
1264 412
1074 1115
736 1052
1277 207
1153 595
1073 772
498 671
646 1353
1962 276
1371 1354
561 952
204 1923
1696 1028
1359 668
127 907
423 1216
430 1245
694 122
1078 1610
1837 627
1921 968
134 1724
208 1788
118 74
682 1813
1574 1623
943 1992
1833 1261
981 969
1105 740
1195 361
402 183
457 1587
1365 257
759 1452
629 1552
112 1294
1770 884
967 427
21 1989
235 1333
684 1950
1666 317
1512 1860
781 144
1821 1214
125 1559
308 1540
1518 281
137 715
1521 1530
520 1357
49 656
462 879
1122 1006
739 1574
424 1751
1853 1057
1659 1735
1063 1082
1055 539
1354 1298
425 1027
760 1342
1770 1462
1910 362
448 1143
502 628
428 464
1065 1999
1874 148
1978 1238
997 779
1314 13
559 1075
1411 587
530 618
1379 1482
1832 1425
988 440
250 339
1622 1423
1514 958
1806 675
405 590
692 1310
1611 465
1839 837
446 1446
234 1353
758 1729
1467 35
166 218
1315 1203
848 1564
1361 1253
166 1318
1104 1109
956 110
249 4
841 1124
1518 1924
1441 977
1501 876
903 338
947 373
9 500
1413 735
450 1563
778 483
975 181
1276 934
1585 588
596 1654
1798 1646
90 1400
572 241
101 1665
350 1762
951 1801
566 159
934 450
1955 1911
1670 1949
586 869
1719 834
1685 1222
988 477
17 778
913 1331
1334 1112
365 252
1796 1211
623 830
1689 46
1842 1408
1713 51
1525 1036
881 1144
861 1867
439 1336
952 1275
180 1569
1339 1304
23 1897
283 1561
320 1086
345 1693
917 1535
967 469
1959 1257
1371 89
1989 1125
1248 588
371 506
1097 1316
1607 1067
1974 610
542 718
627 479
1044 629
1354 1732
1226 826
1561 943
849 1964
1857 1440
1350 137
363 1267
523 1094
1129 1912
1447 608
1767 716
1028 1639
365 1609
1179 1015
172 850
809 1079
756 1889
753 1855
549 1810
1620 1262
284 1831
553 1286
1853 1598
1852 526
219 195
876 675
599 1214
1620 1689
1992 5
681 414
635 994
1198 1112
1300 1106
1004 1926
1586 1472
1106 1207
1336 566
1261 348
596 899
492 1645
907 643
1526 566
1884 1498
1901 286
1425 1416
1291 326
1554 461
1280 1600
260 235
551 592
1442 1218
1568 844
1326 921
146 532
1569 1564
1126 1367
1396 940
679 1309
1247 647
1068 1461
142 913
109 1711
582 772
827 721
777 1874
198 1564
239 1870
634 987
1184 202
864 1490
1482 12
233 1460
1375 344
1823 482
1802 1941
90 1959
1591 1978
189 1218
368 453
1660 978
1983 14
491 481
133 1302
1726 1263
1029 746
723 1426
991 1995
1089 1709
505 474
928 926
1431 325
1211 1156
1299 301
1104 1201
962 1089
1695 509
