2000 2000 20
124 1406
822 366
1641 1762
1456 1965
821 92
1442 1944
695 1267
836 1578
1693 1906
792 4
470 1434
1877 1116
130 1517
728 963
1150 391
1197 1496
282 623
1271 69
38 122
606 1416
1100 1972
1179 192
9 506
1085 1588
770 398
641 1388
728 767
1807 881
1966 1704
515 799
680 743
241 1639
1287 156
1677 73
1288 1954
46 1603
1347 31
697 1176
1739 1329
61 1956
1105 1749
256 1734
1504 1390
1743 570
601 917
287 769
1214 805
930 1567
456 95
237 1847
1072 1260
924 1412
1059 147
1652 379
843 1820
597 1342
1324 326
866 973
135 1146
1493 1665
938 51
38 928
1919 1888
1184 1464
457 23
1748 1175
1187 205
1764 1430
1194 851
851 16
955 1075
940 796
1461 1725
1026 782
951 402
1094 570
1653 1406
902 1648
472 1509
1637 1603
1153 43
502 1186
441 1789
177 1707
579 806
1320 1929
1485 874
1533 1650
1932 461
1140 721
1296 605
910 1195
1343 887
421 1863
1259 1690
828 1682
1514 507
277 1546
505 811
1512 1390
1172 796
1424 360
70 1120
84 396
86 1179
432 414
377 592
1205 1885
1849 1706
196 1119
28 897
1758 559
1355 1022
1794 496
347 1255
444 1223
1643 99
991 1116
1497 11
156 251
1757 1245
1168 1676
1444 1286
717 1594
376 1761
1582 19
339 112
481 1852
637 1728
1505 860
1916 249
96 383
1614 1166
507 547
1633 872
1352 1324
1925 1992
1713 406
35 696
77 59
184 1725
986 1898
815 1737
1203 1700
71 877
1675 54
671 982
585 52
1754 1057
763 1624
255 936
1441 359
893 224
1160 1585
1039 228
217 1071
1222 996
287 1427
1649 785
1668 1017
757 1881
1795 735
1311 587
1890 1399
846 1177
199 447
1513 531
40 1532
647 948
839 493
788 275
377 304
348 1811
1214 1405
1801 1317
1999 1431
1387 1430
1268 789
1705 1512
739 1523
1161 285
231 781
525 1939
624 1077
1930 225
199 1545
1085 1566
586 763
1379 201
108 1078
478 287
787 1930
1299 1093
1392 1407
852 1354
348 859
1185 1534
1571 1052
1049 746
1278 953
1145 819
417 374
1353 850
1129 855
254 169
473 545
346 388
1482 1744
431 1367
952 448
621 1394
110 630
21 1425
550 523
159 63
386 1341
1581 665
352 1853
1913 507
1794 1107
1612 834
189 1819
673 862
379 953
1648 1107
1108 1569
1542 5
1979 1818
284 1228
301 1009
242 247
1459 1402
1867 864
194 284
929 1292
1674 159
818 1783
1255 888
762 1763
1774 1059
1695 1187
1356 1640
1283 273
68 1578
1850 274
1549 1177
1325 67
1698 528
1459 576
15 886
694 955
1041 393
687 909
1579 401
1551 494
1874 603
60 20
1346 504
1008 1594
738 1428
157 1278
502 580
259 120
1996 689
1588 986
1236 1610
1843 1866
908 201
396 849
1718 798
1320 1148
1126 1792
450 997
1635 1418
1348 471
235 154
1635 307
93 439
1396 1405
1940 1026
810 1045
565 1539
582 285
555 1627
1342 104
372 309
1323 542
1365 694
1233 1510
328 1094
1715 1676
1962 1717
64 1163
813 699
1552 834
543 1802
1991 1442
1652 1404
878 1337
1160 229
930 1789
601 1670
1523 1678
163 1672
669 199
1859 1680
1691 722
1529 1034
1646 657
1726 1314
639 1906
768 1113
1750 1114
1761 1449
177 715
844 624
1879 912
1046 1434
1186 943
1193 1325
1803 1275
754 1530
1296 569
1458 1622
1260 1062
625 1994
548 1470
1651 1983
963 357
1825 1336
426 587
1282 1408
723 1055
399 955
888 1887
355 1176
1124 1905
1302 1572
667 1193
1326 1355
753 1381
51 1451
1821 372
857 569
422 1670
291 1795
1036 162
1397 827
1229 1690
643 321
1046 1243
1002 1502
1152 778
1719 988
217 208
357 1398
266 314
984 352
827 1488
165 1918
1907 1864
503 493
1765 1553
1796 313
1158 1995
1340 914
1542 209
1012 688
1514 427
1616 978
126 1328
1137 452
1712 156
783 1768
1081 1703
394 679
714 1655
1006 373
1886 1390
1638 476
1489 796
1103 1711
581 1612
69 1276
95 727
928 466
1781 172
869 1626
1352 1077
16 337
1007 1462
218 1056
1816 1140
918 1882
353 649
892 274
1707 1001
133 1088
2 654
1300 685
1961 1110
1734 627
1622 1351
1265 1289
1748 1970
1288 1153
348 497
32 1960
1176 505
1330 970
1861 651
518 1576
1938 113
565 215
1822 1316
261 1814
673 1498
746 519
973 1039
1299 174
660 1038
79 1642
188 1013
1724 1120
391 1626
1122 989
1389 1369
521 1971
1319 765
1166 1836
1092 1189
1313 1844
1362 830
976 1782
1773 1308
1022 1217
362 114
1041 30
1541 645
1818 1558
693 1508
103 1680
1457 1720
792 245
531 890
1871 802
310 461
814 470
39 826
677 308
1994 1583
831 187
591 1587
572 734
1305 3
1080 1628
1374 1865
680 621
1857 1302
1070 1195
1344 126
1835 1537
480 1944
1809 777
571 259
1994 1141
1745 1048
1900 1040
1720 1266
1143 1782
397 435
1692 1621
808 1745
1989 124
524 1766
466 1629
236 437
646 1084
1611 829
1410 778
1751 1802
1432 1616
1791 56
129 248
536 666
209 903
1711 1257
1627 590
311 670
1865 18
1460 1519
1531 1118
568 424
1019 26
430 870
117 614
1268 795
1902 775
889 178
790 1393
1010 788
1221 488
61 1213
164 608
495 1645
1662 1389
971 797
1216 1984
366 1149
1175 311
1263 836
1596 1896
289 645
1144 448
1989 1577
1298 1884
1582 944
668 487
1024 843
1127 781
1088 1563
751 712
1622 15
1304 136
1664 506
87 1254
136 370
1746 1323
148 1680
961 776
436 990
729 854
980 937
1813 592
149 736
1122 1759
1647 274
1340 615
327 32
131 766
942 293
53 168
366 773
984 941
539 252
1567 630
468 1233
141 131
371 465
725 1697
594 1548
1380 811
471 292
779 453
533 1790
1010 1116
563 855
1081 558
599 868
1710 378
979 153
362 1008
573 1928
1067 1416
1804 1078
691 1977
157 1563
584 1701
1248 1153
1156 1977
1 509
698 1334
82 1844
212 1597
1735 1137
1876 1343
974 1828
960 1690
1996 425
185 1010
385 1840
1631 436
176 1400
1238 1464
1601 467
211 1391
1699 533
492 218
252 560
801 1171
1705 816
1388 992
1769 14
748 549
1132 987
1909 591
1218 1562
1184 375
58 1415
871 1370
1065 836
1964 1471
604 73
1948 1118
1697 1691
936 1474
1947 1883
427 1081
1209 177
1338 179
1059 700
273 1476
129 975
266 1923
1463 1819
1091 242
1183 216
867 1827
53 1920
741 1047
1328 1577
1295 1898
734 1371
1665 104
1645 192
1099 346
45 399
918 670
1454 1474
1330 1375
1894 1815
211 458
97 1246
1798 756
833 1369
1124 1003
364 781
913 359
283 1289
948 265
403 1798
35 718
549 482
1371 290
1895 1945
1197 1100
619 397
496 875
602 1066
994 1758
979 1963
1162 12
1790 1771
1878 1482
1722 1844
1662 1897
372 1644
1400 1313
615 1483
27 1827
1455 460
853 1161
1735 1791
520 1601
980 831
48 1980
1068 1030
233 1956
1315 705
1516 160
1569 138
565 1443
809 1196
260 421
1714 1037
551 66
754 1902
1441 1316
246 409
1863 173
1995 982
1543 1211
1773 1353
1529 1589
1821 1843
1031 916
584 50
1875 382
440 619
1038 1550
1427 1060
1004 1633
195 1783
1554 740
1006 343
1326 1876
532 1145
1552 1845
920 1683
1258 1589
1137 1800
374 289
1745 1731
273 81
1631 959
1806 808
1467 999
264 895
534 1499
1585 1501
1639 713
1159 1780
971 1261
411 1831
101 1738
1798 358
864 471
1429 1753
1224 918
1765 876
657 676
107 1073
1936 699
926 1043
1737 1467
1799 762
501 1233
955 1880
846 686
1237 1702
228 1050
790 1973
443 1470
883 1151
1934 1870
1536 835
1377 1287
1496 762
689 1494
445 1744
1931 463
1364 1262
1959 1356
134 793
250 1070
390 585
538 1231
949 968
584 219
935 1087
791 675
1726 1096
1531 979
1773 1946
431 367
1038 360
1967 1369
1538 172
691 1402
1525 847
1564 933
1741 965
1596 204
892 183
1173 466
984 477
1234 1890
121 1192
294 1721
1988 1939
119 312
1608 1310
1943 63
1236 1766
1372 22
1743 442
1875 1602
832 1945
84 1733
488 1935
1426 813
32 949
1446 1133
1349 717
341 967
1954 616
1718 112
90 1750
1062 354
1140 1587
733 868
534 129
637 1652
267 328
1169 774
1194 593
1211 912
981 137
193 34
563 1609
1189 1251
1990 1979
253 524
692 1814
1096 99
1903 139
1347 690
1507 420
1440 553
1621 1508
1793 1853
1225 1741
68 784
1036 46
1833 1846
658 1838
1903 1468
694 1839
1361 517
874 2
552 98
1052 1684
1899 1778
1014 574
1919 259
967 1030
1678 125
226 831
59 589
1685 1480
125 4
1159 1993
1988 990
1704 1601
315 1575
57 812
1102 1829
1437 1627
250 1023
1472 1774
1142 755
686 512
1095 425
1949 1039
113 771
146 922
1559 691
427 1339
221 132
473 1429
432 848
94 962
336 1785
923 1610
1137 945
144 1154
440 797
1128 426
769 407
1835 1291
577 1186
191 1053
419 1335
128 1832
1222 1912
1977 1886
1620 1991
54 114
1703 1597
286 1331
1636 925
10 1536
1918 1087
1301 1851
451 1099
392 710
193 1210
1893 992
1950 1439
1417 1870
742 1401
774 1090
1463 182
145 1754
1760 999
30 1049
1481 473
271 1475
1537 409
895 190
213 1551
692 1164
923 871
123 1677
738 261
1599 208
601 111
730 620
1006 128
1947 908
995 367
1718 323
239 1730
809 784
325 1522
529 6
1329 1335
1162 233
656 1643
1679 1077
1857 1338
232 754
1685 861
1040 1772
1450 361
1382 74
1104 1548
1387 1366
89 1856
1593 614
223 431
1942 1598
1788 408
1667 1637
1158 598
764 376
91 1272
595 255
926 1501
1318 29
1345 1365
1604 1934
1882 329
410 924
270 1612
1098 272
768 1045
264 1032
150 118
1129 342
1729 88
559 715
1372 7
64 829
921 1165
1849 890
1101 486
1415 1895
1915 1509
1488 1328
310 236
349 1716
350 1190
815 1042
1917 860
1281 508
1711 1855
448 1200
620 1432
1755 1462
606 363
338 744
1994 1082
1921 18
175 1386
1101 1067
361 1809
1858 1054
663 70
586 400
1689 1669
35 1284
60 661
202 1712
1242 1732
1743 1037
1527 1097
1560 1897
697 1776
1723 1797
150 862
230 1731
1270 1924
1098 1617
993 528
433 349
294 683
674 322
98 753
1858 548
950 1916
838 1348
263 764
1656 1493
693 1655
188 571
381 577
1280 1497
1561 1551
1300 1866
72 1230
362 1770
319 1205
239 1892
792 1592
1128 720
814 178
82 1307
1729 1698
1775 1411
1790 1027
1922 1043
1727 871
365 93
1660 1952
704 1017
1377 265
1618 697
527 11
1845 841
131 1083
1480 1452
1684 1296
303 1937
583 1331
1111 144
1216 880
1227 1475
1079 1110
835 1018
171 408
920 642
1276 118
682 1858
1011 1445
1386 1919
1571 268
1058 944
646 884
1051 1361
766 1556
1771 948
1084 1904
257 1398
1053 279
227 347
863 382
1752 934
1385 859
1825 800
413 152
1715 911
489 629
1366 1852
1460 117
661 1155
935 247
648 1239
1306 878
731 1784
1362 1319
1803 1265
1543 1089
207 1936
1613 919
324 406
1719 1776
1089 1190
849 1503
585 1408
1199 738
566 1315
1595 964
1374 1917
1196 804
1703 1303
146 1017
1650 806
1219 410
198 901
410 115
1261 80
1001 1115
1107 1606
1962 369
1169 1812
1532 1098
111 997
356 1852
1333 527
268 1931
87 905
433 597
288 907
1586 1874
1435 1485
123 151
823 45
1690 659
300 295
308 1955
1341 1985
1419 749
529 302
709 341
1180 1992
1044 1257
850 931
1171 1997
306 499
1565 906
333 345
672 968
297 1292
1396 58
1728 353
1736 939
1893 847
1334 810
1395 368
893 202
573 318
1078 1902
1506 1930
799 256
747 1217
212 1955
1206 873
464 1689
1049 702
1121 891
1708 72
688 1557
582 574
1987 750
1609 489
61 1021
919 52
577 158
602 766
1110 1969
143 1787
1975 1239
1788 106
1699 1047
1518 1506
33 978
535 1841
1973 457
199 1982
898 772
479 900
1193 1395
145 402
676 412
1448 139
1033 1293
1513 681
1933 417
1182 1244
164 472
189 1568
469 552
1584 1329
1435 544
1808 753
1869 535
102 85
455 627
1590 1326
1725 541
1117 1384
742 1130
503 625
770 152
678 486
1681 1755
522 1523
1202 299
369 122
1957 331
1673 794
181 865
952 1455
1071 1250
1277 1043
1598 1180
1188 335
1294 1361
272 673
1693 631
1583 1557
1266 1928
1555 1710
805 823
1191 365
89 1779
1907 622
297 28
706 36
474 1041
1215 1478
340 789
1450 395
996 1249
1732 1168
566 1805
874 724
135 448
403 1987
325 578
750 1486
1489 29
1422 1789
1135 714
613 234
1921 83
1599 1204
1379 1830
221 260
877 1133
1143 611
639 1701
1736 243
655 1997
854 235
378 1270
1856 49
879 622
13 1623
1554 1981
578 262
130 1899
1392 1358
413 8
879 1717
1255 950
1815 1869
1440 1541
1399 1201
1454 964
1018 628
1781 1274
1795 824
154 47
1491 6
276 842
895 1309
966 1601
460 1273
865 498
454 755
794 1157
180 1862
864 1015
1280 1565
542 981
1614 330
631 1446
562 501
305 1810
1024 847
611 1134
1754 1914
1806 1164
219 1659
1031 731
1269 1154
77 329
1072 149
1444 1384
1625 206
1047 499
672 1837
594 1003
1114 24
1119 245
309 1688
1126 216
1589 700
1891 1112
1343 663
1411 1097
550 1296
35 1388
872 186
205 1591
1477 214
1656 47
1851 1000
1716 1354
236 1849
1192 222
344 1738
1756 300
1497 904
1363 152
838 779
1762 1556
1604 1231
1908 1646
900 1293
907 76
1173 1607
1390 1958
898 519
561 287
1723 1279
327 1785
334 1106
609 895
1196 1872
525 1080
142 1185
1763 1185
304 85
1134 1528
763 1819
1179 1887
210 855
709 1861
1077 1322
1913 419
1269 1521
687 1558
1061 316
657 1376
707 885
1629 840
424 1764
828 200
1846 1740
197 1117
351 699
1382 444
380 1483
1723 636
1132 1891
305 1228
1112 1833
1247 555
790 1661
97 1092
893 648
62 1240
222 1768
1535 290
95 1457
353 791
760 1991
875 958
1108 845
1378 841
703 1946
654 434
863 634
577 1605
140 1341
1932 553
1986 14
988 540
873 749
1117 1686
626 1191
927 1490
1938 283
75 1420
1016 1896
810 475
1229 1064
114 1139
600 317
1693 1253
575 1829
281 1986
1138 969
632 589
1025 82
469 545
1479 1219
1309 78
159 994
243 1012
1651 286
1941 1776
1373 248
1872 182
1908 1953
213 1054
1532 1974
1687 958
732 1589
1461 124
1611 1555
725 972
1526 219
1298 776
560 1878
976 1636
438 1284
1025 1136
819 1000
1106 42
1147 1171
200 1972
1767 667
51 298
498 807
7 1115
1220 5
423 63
518 1112
1804 1015
1247 1399
1275 1011
1257 90
959 698
1411 1840
429 491
1534 537
1888 155
1277 674
386 906
549 1321
1757 350
446 1719
833 896
1834 1837
739 94
335 880
664 1738
752 1340
1968 1063
612 1465
1613 1892
1397 897
995 858
1232 842
1574 1787
600 629
1051 1199
720 596
678 934
1086 400
1847 1122
649 1786
1398 358
417 772
65 1863
509 393
266 288
775 1827
1151 1327
1838 389
1966 932
1730 62
273 320
1709 557
1392 1017
1163 1449
1518 1560
1254 1447
1456 164
633 1940
564 1912
747 1471
889 1830
690 372
664 660
998 1666
1507 551
162 1694
1791 1953
39 1240
1807 330
1076 1630
151 1245
618 762
610 95
1375 389
869 34
464 1545
1403 1896
1083 1152
524 1619
1444 1021
55 1183
1658 962
1241 1623
954 50
1438 1573
1733 1453
736 830
955 1235
467 1207
1282 1855
987 127
1263 109
451 868
997 1373
1191 1419
1431 407
1119 485
252 1642
841 490
415 903
1029 316
1968 1475
515 1600
1726 418
728 375
771 330
258 894
1901 122
381 575
1856 933
1749 1914
1456 1125
293 134
977 1727
1433 1986
1317 1037
1713 573
1539 1746
614 1682
344 306
441 866
1864 1974
316 1424
634 956
363 1378
820 1163
1286 37
638 1699
1495 1271
1801 500
554 269
1926 1219
640 1926
1394 1848
1478 418
1808 891
88 557
1484 812
392 1748
872 1034
910 1669
475 915
280 1547
92 57
1495 96
387 1566
238 667
1515 1805
1863 971
280 1086
441 1742
435 1469
1721 1779
1035 1905
1331 220
777 337
927 278
1048 333
1324 725
1110 743
1349 8
1420 983
74 511
1452 1851
669 1234
1291 1860
222 244
1019 947
483 37
940 1740
262 455
175 83
1951 641
991 2
1796 453
15 1426
1520 949
1812 1553
334 1535
1561 19
1759 1569
1898 431
1065 167
1793 885
398 107
449 480
1832 1847
1167 1763
1820 1661
844 719
1251 1056
1694 500
1403 1170
110 1400
781 1952
1297 408
1681 1215
564 568
590 1969
721 484
942 1475
1060 946
106 1838
1732 1528
913 1350
695 1243
655 831
1090 894
1859 1121
726 9
1138 1055
1403 1433
1492 187
840 1306
1249 1950
785 737
343 595
856 1527
412 1418
198 1064
811 1130
1202 1753
1200 899
3 1165
1978 990
1702 1093
650 43
1109 1863
1672 1909
221 1159
818 438
254 974
1823 796
1881 911
184 404
269 1747
1007 300
501 861
385 1834
512 1091
1409 1310
1142 428
1178 1836
1835 1632
1332 937
1535 1889
435 1511
26 1903
1490 342
1516 960
2 530
428 211
439 321
1585 1815
593 527
1009 1802
1696 209
1580 1470
411 394
487 728
319 1971
1849 1657
1548 652
160 979
1040 1700
24 921
1210 1596
304 516
94 1359
1927 1337
1540 1198
962 1246
1094 1181
1691 526
877 635
588 114
1673 1638
1264 278
1780 491
326 1174
786 1959
1643 1319
1935 1795
53 1957
1464 1205
884 1290
1868 1957
91 1357
345 1471
1825 1940
1549 1554
1999 1848
498 1920
1752 1879
44 546
905 1630
556 482
1778 1981
1873 1810
713 687
1570 213
21 1149
1649 1350
852 1749
511 220
1836 1212
443 1651
459 663
1383 33
567 70
998 744
1654 1068
1666 642
1088 870
150 607
1131 241
598 71
1635 821
240 1161
508 1451
100 556
1290 1502
380 1664
1073 684
730 604
203 29
773 235
492 711
643 521
1409 1417
1927 649
1954 76
484 1668
1273 1438
1423 1453
1447 785
1237 1279
1494 147
1980 1768
848 368
449 1345
708 1358
477 502
1517 1272
750 1135
1780 1127
1769 801
1310 1095
1538 254
462 126
938 1521
231 939
1502 234
1830 1298
1220 1203
1028 1808
1149 9
1111 1192
1018 1020
1236 883
839 1739
137 1383
1407 515
171 1423
1825 653
446 1487
983 916
1308 465
569 786
977 1991
837 705
1787 127
1491 510
587 165
640 1256
270 666
1436 1073
215 1118
2000 1910
1992 1975
751 757
1868 1357
613 1800
1465 652
761 1207
384 1004
1074 1552
1252 513
214 1751
1033 933
422 1729
48 1792
510 44
119 343
1505 1162
287 1473
1595 1226
1957 17
759 23
603 896
536 1267
1436 1942
1225 957
1274 139
1511 356
1076 632
404 1686
645 1824
170 1515
338 504
1767 1926
269 1244
1783 858
1262 228
1182 710
1272 41
279 1123
1984 1519
707 1650
1826 1588
1401 1634
985 831
1752 1285
932 1628
716 679
1709 572
544 249
1057 1546
815 1723
1998 1634
1910 400
6 22
401 181
36 965
752 495
517 1911
1281 320
513 760
130 758
1304 299
1654 1477
1663 1351
458 761
1841 969
1178 1097
1113 414
853 712
1035 946
787 845
537 1204
882 366
1976 1
100 275
116 1283
4 1360
1982 1413
1937 1232
1945 903
476 1671
1475 1368
748 1148
105 1604
371 203
148 1663
1353 1032
196 1356
1540 1494
1904 1586
136 1756
1327 612
1575 1125
454 835
198 140
1871 1708
479 232
1639 899
731 191
1831 671
920 1625
1854 1079
155 1500
1445 780
1230 444
1330 662
1305 1150
1241 54
258 759
644 1988
1875 1014
650 735
336 31
925 1850
1120 1828
228 1581
1367 416
803 268
339 681
60 1414
167 961
691 1544
387 1066
181 793
1102 780
143 1507
1492 301
1857 201
207 802
634 745
1869 1466
706 163
313 1883
1338 317
623 1800
970 826
180 1509
957 1695
956 325
396 1208
1760 267
504 13
332 1512
1659 354
340 951
166 1222
1309 488
816 1648
1575 1998
540 383
1250 592
1519 1069
947 445
116 1595
1055 1439
532 174
79 733
1822 892
929 677
1514 1817
716 1976
1765 409
129 1862
1860 1510
161 997
1061 1911
1747 1155
1687 284
510 1503
1421 658
303 1923
25 1840
727 711
66 423
1312 1159
42 617
596 795
395 651
1667 279
186 276
296 1667
1615 1264
1645 701
102 579
1810 1364
897 514
55 263
1842 646
1562 1937
1188 782
405 1834
778 497
1484 1320
1005 1019
1439 817
722 538
1573 324
388 837
1825 1018
617 1615
719 1924
1414 1058
75 1157
206 685
1023 1990
170 1013
1136 430
1940 1524
683 463
322 1591
280 1772
323 873
924 1671
1459 1508
1777 111
1509 825
