2000 1999 20
1719 35
1520 300
956 514
1213 972
1323 1437
1305 1868
40 167
1836 1817
602 1729
1177 427
1368 1399
1709 423
656 1431
134 1400
1905 931
377 585
589 1013
1713 374
28 1468
1558 959
127 622
83 215
1739 1872
850 1561
1531 1942
1409 807
1933 459
1973 1546
1883 486
1183 659
419 1125
1114 965
1827 1004
1587 557
53 1839
1548 1254
626 1718
1933 679
368 1467
1981 39
1252 438
1265 1236
827 1967
440 1697
1887 1885
589 1652
1535 821
1112 1327
1229 1179
807 1727
1037 1436
1518 1813
1829 1726
337 1776
893 366
1901 1875
1785 531
1476 219
689 1222
1743 1268
157 9
215 1903
1732 50
1329 1285
735 945
128 877
556 1168
1544 780
1078 1415
1109 1370
1074 1184
344 1335
944 1521
85 1603
941 920
1580 1534
971 703
53 1631
423 399
815 73
1077 539
602 778
1141 1235
1736 1095
210 1767
140 1031
479 1029
1185 1830
1225 506
35 1010
596 1618
605 718
288 919
449 363
772 1639
225 792
874 401
1116 1307
1375 310
1746 73
862 556
674 690
1418 489
853 1384
219 110
36 851
608 97
273 842
950 1415
301 1800
573 1554
1328 716
570 1204
651 1435
1880 1525
921 1904
1836 259
266 16
1489 406
1683 1090
121 503
976 925
1122 1614
27 273
1188 1021
1403 1790
600 1558
1352 911
773 610
360 961
1360 928
1059 386
274 1490
1463 266
589 579
1184 204
1038 523
416 1765
173 1616
876 238
724 1717
109 1647
1507 341
918 1475
384 1431
1299 473
122 1600
454 1300
433 508
489 1606
1704 700
488 1046
1769 1436
1022 682
1609 1239
1283 532
397 541
235 39
867 186
586 888
567 919
1568 1382
1832 1406
701 12
1948 349
1221 166
776 1936
1377 1407
1179 1085
1140 1542
253 1608
1662 1490
1948 1301
407 490
242 1469
529 179
1361 1491
644 1463
983 1846
41 1258
1785 718
1420 660
1177 1683
673 297
319 1623
200 30
1228 1278
1521 655
267 696
1932 1993
1099 1394
366 500
1663 486
616 1006
1292 72
502 183
1063 1081
1538 1401
843 659
334 371
1594 1269
464 257
1035 968
889 1893
1647 1783
460 1544
770 1261
916 767
1838 170
453 1359
1791 858
39 83
1988 1534
504 1453
583 318
1079 1595
1510 729
469 463
825 1177
1044 1101
587 823
333 1329
21 1114
1004 461
1611 1492
1694 1217
765 1088
216 1438
1139 985
827 1878
1920 808
1898 1069
1001 504
723 698
808 1791
1279 1152
1466 391
1010 1812
89 292
708 107
1103 923
725 1129
1993 1850
1997 1460
1716 331
960 1300
1085 180
1702 82
1663 1333
1179 1620
229 89
1259 455
332 161
1989 15
903 1214
1260 1564
241 1142
1328 1270
1954 537
954 414
1100 1095
1342 1666
1652 989
1097 1825
500 1674
360 1003
270 1728
1786 190
794 1584
465 522
564 843
617 1985
761 1589
1712 1818
656 1106
1479 898
1615 1164
1531 1076
1464 904
144 1703
1114 331
137 1725
1381 733
1440 648
1879 241
421 686
971 377
1441 1235
244 1551
890 1473
1769 297
987 1654
182 297
338 393
906 722
721 915
946 285
1551 1957
637 1400
1225 113
1989 882
876 1050
1566 1896
1504 959
625 800
988 1121
1576 726
450 875
409 267
192 712
1996 990
990 541
1964 1400
72 1686
729 589
1488 932
1077 532
1516 1828
9 645
586 158
1677 607
1519 1294
412 393
214 1486
413 1234
1305 179
973 952
1456 201
598 1203
1351 1237
400 1431
1318 573
1624 1569
836 980
668 1972
687 234
762 48
1597 346
1855 342
336 64
1151 738
1357 1798
1748 1524
490 836
1395 1684
1020 311
1895 1912
1772 1158
684 1383
1565 1691
813 1807
1477 1219
211 1639
1869 1307
940 1059
1511 734
552 649
898 1189
1998 1169
486 1593
97 264
706 1416
745 268
925 1373
1167 1882
1508 1173
1461 711
992 1919
1571 976
242 1216
1434 1447
947 1294
819 1401
872 1295
1653 1478
1289 1357
216 740
601 788
1765 121
1410 326
1030 691
148 764
2000 1643
32 509
1694 115
734 351
1517 1175
565 549
566 1554
1746 1520
161 1896
1721 1583
1258 397
1320 1418
387 1290
1840 305
1204 1961
1234 1331
1766 1828
1153 786
1861 1009
1507 1853
1447 1332
1396 1630
286 287
1427 1752
110 1387
1170 1098
1755 643
1972 1133
1992 941
1723 1028
1011 268
1980 1816
455 812
604 197
989 381
1915 644
949 212
1533 1095
1433 652
1212 436
880 1815
326 1062
618 1406
432 1067
356 1230
5 434
1521 1959
1111 1844
584 935
576 1145
1716 1970
1379 1743
550 108
1874 601
835 954
1572 1421
1261 177
1813 482
224 1028
1397 1401
1891 1447
920 1017
1754 46
605 1632
383 1223
931 966
900 241
152 1963
460 1875
281 1597
1854 1039
1133 1327
1530 1319
936 1798
1557 854
247 380
1873 1786
1217 1444
38 519
1894 486
1806 763
1446 1779
901 295
131 1600
814 1287
420 819
777 157
382 1882
1253 1926
1498 174
1197 1120
211 133
1549 340
1501 36
379 353
90 1249
1197 846
338 1457
1745 344
318 1707
429 1749
23 102
1527 1310
1171 1786
1194 601
1730 1738
762 1068
1892 1481
354 1977
1600 1947
1163 876
492 1525
827 1376
345 22
91 1261
1665 508
921 74
402 644
1940 1052
632 686
1316 1728
58 1041
810 1601
1624 733
1989 1928
409 626
276 870
723 1167
872 1649
341 1009
1120 1699
1126 1558
1262 1049
711 1155
1636 827
1884 801
1171 792
341 1728
1402 140
1462 1960
229 2
549 1682
199 357
1962 114
1554 986
1129 1913
1513 1497
1460 1605
1322 1912
1715 1214
195 609
1392 374
985 531
1356 1186
1189 259
911 175
478 758
1433 311
1152 1420
953 1319
1745 84
267 515
648 1404
993 147
278 1910
1242 240
109 597
1048 864
300 1026
322 766
972 1206
242 1871
1472 34
238 606
1600 592
802 1570
126 1541
48 415
519 1091
1300 436
1190 663
460 506
847 940
40 223
983 286
355 1269
1083 91
1420 806
1592 1812
1032 1104
618 1007
364 316
94 1192
943 1182
713 1085
1543 651
574 1351
556 1130
327 1251
1899 241
273 590
972 193
1580 1336
1649 1623
1979 953
1870 331
1446 1293
934 1371
1262 1102
1168 1768
470 1072
1648 275
343 1257
498 203
1500 1532
1618 1516
644 174
561 567
954 1184
795 1767
1202 549
193 1993
1572 260
1250 1496
1605 1056
60 1459
61 1701
31 1632
1214 156
1991 581
76 527
1368 1515
956 1919
454 715
281 1206
1671 1104
545 167
1994 233
1212 1648
1333 956
1361 252
1454 1084
477 172
842 11
1201 1922
1394 519
148 509
1176 550
1921 1322
1826 1463
5 581
966 995
1493 1504
1567 1534
1384 1887
303 1328
1668 1830
1811 1508
258 1497
1684 165
824 1796
1964 599
1498 1560
488 322
907 1336
1343 1841
361 201
1157 1571
1574 562
169 1426
549 1793
1914 1350
1341 390
284 878
1888 426
1852 1605
320 1522
1467 1675
1332 705
1928 344
1367 1646
71 1423
931 395
408 342
1657 642
303 1710
1851 782
130 1496
844 1141
1682 804
640 1023
865 843
1040 1734
1326 168
468 1802
615 203
775 619
1213 29
508 685
1403 714
139 1199
1185 1665
850 1546
470 1870
873 1025
1995 1657
72 542
1768 1068
816 255
169 1197
1134 502
1298 1102
696 1931
1522 111
122 1186
635 1303
1159 1381
1763 930
1973 1492
311 1641
1128 1656
105 1232
1756 1392
501 1596
1837 28
1132 1262
1633 955
672 809
1477 1342
454 1113
1424 1291
340 432
1897 933
1291 1749
156 181
292 1071
1603 866
540 1581
1614 476
253 915
770 232
57 340
1066 432
749 762
1598 929
1160 1827
799 953
1436 1203
789 219
1880 1693
1116 353
917 1028
1717 1758
724 1239
329 926
1012 1586
1223 698
474 974
10 864
1731 1617
1329 1256
530 1900
1448 1022
1854 993
147 739
3 1589
1574 521
1338 1126
1255 269
1535 612
595 847
799 1857
1754 407
1193 1302
1829 1545
1897 1341
1906 1030
1606 30
156 1224
40 678
37 726
965 901
990 330
65 836
1182 697
588 1758
115 95
1330 462
164 1577
738 468
1323 554
607 1183
81 86
862 42
307 634
1772 1994
756 428
271 1760
646 1508
1631 1607
502 1017
575 799
596 991
862 546
1920 1408
145 153
1706 508
1968 300
859 1374
20 1447
1757 930
1184 1131
833 394
421 1219
755 1572
423 362
996 172
1541 526
520 1353
1145 1218
1287 413
180 320
877 284
334 1548
1546 666
1404 814
599 1494
737 1096
1447 817
1139 1203
562 1919
614 1101
1385 923
442 671
1241 1132
413 527
467 340
1835 1808
1917 344
1784 462
1618 1221
283 1675
399 683
1274 773
1025 1313
479 1163
712 1443
1044 587
323 317
51 909
118 1097
580 749
743 1235
1282 388
1753 1577
285 743
1694 1829
1354 1292
311 805
74 869
887 78
582 25
451 959
318 1478
195 466
914 1541
756 1704
1813 184
1704 34
1535 1244
424 551
1271 130
584 492
1940 1549
991 178
1801 327
1590 726
1210 1051
1739 1361
404 622
1074 742
1149 553
568 1770
1801 555
1762 402
54 1818
1943 1102
802 1826
145 525
294 860
441 1821
591 1287
161 1750
309 525
359 138
1634 1
1766 1559
353 300
1578 1452
1477 1529
1962 1642
1255 938
916 1882
261 293
789 90
134 1196
146 481
1998 162
1107 1818
1798 481
736 227
1043 594
1190 303
1119 1980
1650 1124
548 1406
298 1153
1129 1280
1844 1297
647 246
1412 1095
1700 1364
153 1418
662 616
791 884
998 899
1538 370
680 159
1355 1717
1852 1798
839 1999
813 141
1119 125
1191 1927
1824 1361
532 516
1579 1113
931 985
425 1239
468 1272
85 982
1075 1806
410 288
148 1880
621 199
1477 641
306 491
981 1432
83 372
1648 243
1184 159
88 1677
783 550
207 724
33 1849
906 1356
157 193
436 487
112 162
485 512
704 32
698 1356
714 990
1171 654
491 920
1982 1677
419 873
1974 1067
163 1450
284 590
1439 771
1833 52
539 1296
738 1804
140 1111
301 1813
760 109
1064 665
857 738
822 691
1458 365
322 1962
443 867
489 1604
976 1517
1701 1537
1368 1800
171 640
618 1051
1841 1207
1930 1177
1696 60
1368 1094
367 173
625 692
1002 308
995 902
845 393
1738 182
883 788
604 1250
1386 1104
1541 839
129 1415
550 1309
1002 1984
1776 1372
1238 1203
491 963
1038 433
1542 22
1172 28
1810 1257
430 788
701 1373
1777 214
36 291
189 199
827 1686
1087 1922
236 606
1855 1896
281 1235
1079 393
230 1416
892 1038
1547 1576
634 661
1296 1169
1495 1741
1858 779
1346 1018
362 1743
161 43
1578 911
55 1125
856 327
1439 1256
1509 1449
283 1977
976 1733
205 662
1290 377
1061 917
378 1116
1850 1107
1559 1971
158 1187
937 1151
1687 1892
1126 1419
741 669
350 1833
855 701
19 320
569 461
1386 924
454 896
1649 1401
1073 399
1274 17
1310 1419
1189 609
480 195
823 1823
1547 22
191 1776
280 89
21 279
26 1896
1416 1766
294 386
826 1482
958 1528
1627 1522
1728 59
183 1585
1351 1684
1358 921
914 1658
1269 1261
528 1695
1603 582
1086 1455
648 458
1065 1302
829 612
1161 1978
1660 1893
244 235
958 1545
1389 978
337 176
1527 895
109 684
1565 833
1384 1955
8 1471
1438 719
851 964
300 154
722 1222
1557 1015
1734 1743
507 161
947 1686
503 1487
1947 1934
787 1792
282 1671
927 1163
1414 55
1742 1685
166 577
386 1148
1752 1391
196 351
1604 1024
1001 1357
512 812
1640 255
1799 536
1371 776
1053 670
149 1035
213 27
1106 262
1538 707
1136 1574
664 660
1858 887
308 1462
1292 543
1021 1641
380 830
283 1247
1227 419
1966 1919
460 667
945 1740
659 1093
1868 727
660 968
1677 1821
1467 424
1443 1858
646 475
564 1867
1159 978
222 107
1838 880
979 292
187 69
1020 1311
1897 1577
364 17
687 520
922 354
1066 831
1240 1548
520 1108
936 1263
1092 1241
1979 1232
1329 1233
1136 1150
16 894
380 589
302 1826
158 363
98 1328
747 1625
1352 31
966 988
1446 1067
1705 361
1536 2
1307 1325
100 498
72 228
388 1722
941 1893
93 1571
563 1266
1862 216
369 1893
133 1979
358 1606
105 1659
445 1206
428 88
526 584
1515 49
584 1245
239 913
1301 817
983 687
8 540
1276 1160
5 239
915 1540
1678 550
882 250
161 1661
1851 1744
366 67
1913 494
1136 299
1363 1740
629 666
1914 638
1844 1583
831 144
824 1405
45 1356
737 1746
555 864
1410 538
658 1770
1430 151
1946 1662
1532 221
1246 796
349 1942
254 1698
1451 921
1101 248
1937 397
530 1742
235 1485
401 1386
1041 1678
1542 1138
374 657
1030 172
909 1410
739 633
246 847
791 378
1202 1866
414 77
201 1681
1829 1676
1639 758
747 1927
1145 457
1546 1569
1612 500
1380 582
289 1555
1355 259
1768 1926
1027 1913
1938 1701
1605 1814
678 912
544 1250
891 1842
80 206
1306 1456
369 1953
256 1085
31 890
1120 1106
136 1890
667 1502
1060 1335
1226 43
260 242
1689 1831
145 1736
794 50
1656 413
1692 1549
510 1739
1724 242
30 448
1200 1456
1257 1639
649 241
6 596
1704 528
115 1864
349 1645
1430 320
1770 1365
85 136
1381 1304
1953 360
1058 1277
1288 1614
328 147
989 1078
1615 1272
518 1509
1002 1465
1461 1327
1526 12
1482 487
44 662
1811 260
905 1281
696 1423
1578 70
1610 1369
1762 1261
785 75
99 637
167 1115
558 330
1178 1205
1853 1492
726 1220
712 1310
1716 1555
618 1424
686 1700
1751 1621
1725 1101
1246 918
464 1021
1589 654
1273 994
155 1374
512 1862
913 1859
1461 169
1042 762
369 336
272 253
1425 1445
279 473
1358 792
178 593
1686 923
927 1166
1244 1519
1952 987
1063 628
82 1364
825 744
1630 1848
1907 1241
1315 983
92 1565
277 537
699 374
1556 1614
616 1408
325 159
1496 1005
1191 1144
795 964
26 1916
763 550
1965 1403
756 456
1384 1780
52 1927
251 740
634 1918
1947 1366
820 1566
1848 517
1828 405
439 1677
911 1090
979 1698
1626 1118
180 1016
864 852
1454 524
464 1694
268 1844
1170 1622
561 639
385 1042
816 326
304 1346
1610 1954
1781 757
1480 1229
1500 375
368 790
560 270
790 1457
1100 422
499 737
787 926
1319 1714
1352 534
1099 101
333 909
1259 1971
1174 258
1204 201
1801 1552
149 1089
549 1033
963 185
1892 1414
986 1615
554 1428
563 1980
1064 1990
1118 1536
334 116
374 1886
797 121
1919 472
1631 1478
1876 1288
811 696
637 530
1117 1406
891 1839
1551 1162
1978 1146
807 931
1945 1089
1074 1629
150 1863
1585 1637
493 428
1271 1337
1433 1264
1582 813
643 1977
284 1312
1505 1579
1858 628
340 497
111 1845
395 1941
993 293
1035 1820
1488 1347
675 1071
1061 1437
1695 202
104 96
446 399
1 1036
769 1922
549 1008
1462 1651
1553 205
59 730
1478 885
816 697
1064 1370
1339 1354
1596 1101
293 100
708 1281
738 1986
971 819
901 213
851 1503
1834 1495
460 1774
1430 1819
163 1919
1719 848
1097 1009
1080 634
1198 1089
1389 343
1231 1909
1682 952
840 9
438 1025
1834 322
1626 1375
418 584
1689 1218
735 1965
1007 404
1031 1643
1454 638
1782 1763
348 143
1467 1563
1360 1683
365 1135
932 1290
1575 790
484 756
1981 1690
1627 628
786 682
663 834
163 535
1265 222
361 165
581 1069
208 1720
231 1117
1228 1795
1256 594
817 117
431 1678
879 1758
1440 1091
339 486
1095 302
820 276
1881 1800
753 398
374 1458
1144 1711
376 1939
787 1922
716 967
1023 1396
168 662
421 1340
914 1557
18 609
618 1778
530 1913
142 209
857 1234
1598 1433
1061 1799
1835 1075
998 709
959 511
1586 1198
1841 688
1084 1708
1876 344
124 986
335 1070
1397 778
1425 1034
1349 120
975 603
272 1153
396 1063
271 1677
1303 2
1045 173
659 1369
1617 1997
1464 1602
40 56
218 528
567 1860
496 480
1956 1483
837 1728
362 223
1602 160
571 1455
1290 775
1862 397
1759 1314
510 442
1136 106
1449 416
1694 1388
676 1428
658 1904
1598 152
813 550
432 1432
881 1110
1275 1586
887 1669
962 366
1455 896
198 804
1687 1190
1403 1908
1080 388
1326 1889
1359 1147
941 313
1856 1359
816 1997
1063 1944
212 1409
1241 1555
1672 1576
759 326
1562 376
392 1009
1122 1384
1233 389
176 1464
838 1262
1646 83
391 1132
104 1051
1534 1998
101 1679
371 317
1243 955
712 1231
1083 263
1199 482
720 1356
1796 236
1463 774
809 927
933 1591
234 1789
1484 1882
567 242
630 250
1124 993
886 440
1754 237
818 1319
92 1718
1952 1305
142 702
63 143
1441 430
1432 1619
1207 801
1960 1266
616 1208
1517 209
1004 781
771 1390
1429 1455
1225 1688
1823 811
784 160
1023 1193
1818 708
1586 244
734 634
1215 381
350 795
1504 1509
1286 158
97 864
1747 1211
1332 1308
837 675
1058 327
219 1949
944 1011
3 1771
381 586
7 1283
1723 40
250 46
234 475
17 539
227 1499
1930 768
1549 1938
411 1734
991 927
1618 650
722 1260
1910 1668
1298 258
680 219
390 1816
1204 241
376 1524
62 1709
750 413
1925 360
731 1173
1140 682
567 942
1015 1638
1411 253
1536 653
1506 1397
1715 776
1442 874
733 1923
1298 440
1752 739
841 371
1637 1805
1442 765
1221 1156
1795 1573
1165 473
1255 779
980 640
1324 467
321 921
119 461
1984 594
195 1080
1633 1634
1829 867
1809 1383
1701 810
1514 113
620 628
881 1675
1461 403
1361 132
13 860
785 426
1361 1274
982 1732
442 433
559 499
1383 1979
1951 1013
418 1154
1761 2
670 681
1841 804
348 1738
386 1435
1230 251
916 488
1053 1014
1058 373
353 1181
1929 789
1810 1851
1850 624
1344 572
42 1104
1786 1983
574 63
1638 258
556 611
312 626
552 623
1660 1787
1406 728
159 47
849 169
891 191
757 1684
450 49
79 680
557 907
1057 1844
1369 1662
43 1796
1377 1993
1667 290
1051 324
1803 338
987 1897
634 522
222 1749
1854 897
1314 1180
502 1673
1163 66
360 923
60 1710
616 1911
477 1455
1623 444
1168 908
916 359
1680 1955
578 1929
801 641
483 472
1146 1894
1177 691
1865 1889
994 1089
1788 1322
1082 742
1329 1956
507 226
17 572
700 957
1772 183
158 1008
39 1278
1006 1398
1655 1125
798 887
1675 1588
1847 1103
246 194
1887 1950
1580 748
513 28
1923 1345
1876 793
1447 589
1939 1246
803 1663
249 997
1523 1418
1346 487
1073 776
28 775
1877 1140
30 1719
1966 220
1470 245
688 1047
762 970
1075 1363
293 347
1226 746
736 1694
1309 1019
1179 87
48 999
442 471
378 874
1635 1947
1890 517
14 1348
1246 240
603 614
1678 92
86 1798
1196 533
1902 1821
1146 794
320 173
1750 290
68 1852
4 1822
150 450
444 1634
106 1293
1645 462
1813 119
48 962
682 868
1890 447
1001 1251
986 1598
1987 662
1912 1616
1393 47
1127 1742
1374 572
1362 1725
790 1431
1700 1886
1215 717
505 253
1314 1859
469 1883
754 866
1720 1832
1875 561
1992 997
547 1298
1752 1501
787 1626
214 1459
632 1935
835 948
1687 315
253 674
1643 1954
1195 1488
1737 1913
693 1443
351 1695
80 1654
1378 163
1664 1525
871 1258
1996 1735
1652 613
1468 1384
12 647
864 366
221 1351
601 670
433 75
1359 1099
766 417
1599 1567
1240 457
1422 1643
629 1670
1207 669
936 314
611 692
862 1838
841 716
1135 204
26 984
1445 1359
680 1763
875 1537
1267 1800
1487 568
1160 128
1279 501
199 992
636 850
90 1924
1499 655
233 1336
683 828
554 1084
991 677
1531 1212
1969 1948
1055 1456
1250 982
103 637
1098 1119
1220 892
1568 1808
752 1276
674 1454
305 1079
1096 1470
1326 1562
647 352
1425 1327
1180 612
1212 188
494 1269
1975 951
733 627
1137 438
459 1351
135 527
1927 1834
386 1544
1613 1106
832 303
998 1643
1181 695
1317 1609
622 5
532 1773
1879 684
359 1764
1296 1550
910 1292
939 1026
69 892
858 1571
1934 1201
1755 665
977 938
1321 1247
1205 1684
817 406
1797 271
1389 1581
217 927
698 435
694 149
259 1657
531 398
1775 891
198 1105
1143 178
993 1539
1211 1323
1644 1869
1127 474
1976 296
751 1248
1788 601
502 1417
732 246
335 381
1953 452
1628 1993
1798 1958
120 1533
488 861
1228 955
297 863
631 1952
1054 428
1348 468
24 1633
495 457
796 1602
1000 755
1508 296
413 123
1218 498
704 1109
1751 303
1209 1396
1162 1843
246 437
1096 761
838 1123
1794 1087
33 1446
583 181
1334 1433
1010 1868
1512 787
983 90
859 1192
1149 968
1609 438
854 710
1284 485
987 1413
617 161
1975 1186
265 1806
969 924
1668 102
264 751
1578 1474
1004 4
