2000 2500 20
27 1207
516 207
1954 1824
1872 1638
1212 1535
82 1221
1234 933
622 652
1972 1918
1317 148
370 838
269 979
1232 1671
669 1079
738 742
618 784
690 725
1650 7
363 777
1081 866
256 774
470 1818
1785 1786
1577 1512
1659 630
1630 1974
1252 1772
534 1834
78 1828
393 422
254 1721
1091 383
343 1243
333 1348
256 780
944 1346
1991 1784
1899 1989
1579 1980
822 191
1097 911
847 1617
222 908
818 1427
537 1214
962 246
390 1922
1534 1281
1169 1997
1673 589
1616 591
530 852
1119 1265
1392 40
138 995
728 901
1980 927
675 1102
756 995
677 218
1190 636
523 267
1677 304
1077 699
1685 1646
533 468
197 683
1811 101
1177 1468
1825 853
238 1678
809 178
82 298
1431 1241
247 833
1665 937
9 160
253 1329
1589 820
719 614
295 800
1852 755
386 1081
175 1983
582 1478
1466 1813
832 1338
1792 190
1106 138
1323 1850
820 1958
466 537
664 374
153 1490
1618 754
585 841
1774 334
1856 1164
1055 1500
653 1377
1158 603
1373 307
1798 236
115 1394
1273 1874
752 1925
389 367
214 754
1741 1932
273 1308
997 1174
1655 201
821 59
214 46
1334 1819
1939 973
1882 1308
1126 1428
1275 874
1836 1171
1585 108
1226 1128
1945 1053
208 1849
1513 1274
1155 775
1583 1777
525 1370
438 595
207 271
1601 1823
1341 1284
1458 809
236 70
1246 925
1757 1117
1273 1379
746 637
234 345
1323 526
1186 1065
1383 367
435 1365
135 1162
1240 1241
684 73
1305 1160
1446 118
1613 732
427 1485
1447 327
257 440
485 55
950 741
1391 595
1122 1916
489 1165
1934 538
459 934
914 731
293 1420
1806 763
1935 1714
1697 317
1135 904
313 819
682 476
1215 1304
582 1008
1903 1292
146 1491
1890 682
1903 794
813 1087
1309 1599
436 957
134 550
1933 336
1957 1114
1730 1861
1976 225
1943 54
655 421
730 1492
1105 40
1837 1473
163 1190
659 242
1568 1506
1997 1165
1822 269
1909 1345
701 746
34 1142
1957 1497
987 493
1086 1255
856 378
942 1400
1523 387
982 1316
1445 712
823 1157
462 733
1935 928
1611 589
1143 1001
676 785
686 1728
282 615
896 593
384 1988
902 647
518 1060
877 868
1744 1503
51 1380
1200 1270
329 1495
101 185
1033 1497
1082 1780
1219 1162
1091 1882
1959 1346
334 1347
1540 786
1418 181
214 596
1388 157
522 66
532 811
277 1112
13 144
1400 746
655 581
26 1298
1581 1164
332 891
1804 1367
1963 111
571 550
1917 1594
56 295
1192 1016
1013 15
1788 532
853 1371
62 916
543 1075
605 539
1708 1519
342 857
1635 399
1629 791
846 1444
914 427
1932 1698
1287 1147
1177 291
755 975
1146 942
454 74
775 1565
495 787
265 776
1763 105
548 444
222 992
1514 123
1356 1937
1784 1683
1713 1537
1312 1831
1441 589
1007 689
819 467
373 992
1060 802
1121 1373
1526 1993
614 116
1753 1859
827 897
526 1035
641 155
1058 1062
541 155
530 1272
1692 1487
8 1125
790 9
11 1829
781 1405
1050 1290
235 1166
468 104
1828 1461
635 825
668 1620
950 1442
1106 1198
804 1800
1362 1627
1019 522
724 1491
1913 1406
1263 392
1730 14
425 1646
246 337
1658 1721
605 474
1847 1886
991 554
1450 683
1944 1760
1975 1795
1781 1997
491 995
713 1378
1689 1330
1548 1273
1253 431
1227 1609
1295 1179
845 505
784 1843
92 1588
1850 577
1260 1777
1696 451
460 1931
896 178
259 590
15 1454
376 1678
1116 1537
694 1447
1151 673
84 1470
1778 105
118 37
1674 1754
645 1019
709 999
800 796
455 1165
1231 1234
1617 154
1734 1182
1329 1473
1269 567
1186 131
1092 307
378 1066
1809 1354
1413 1556
1421 450
1731 71
1833 261
1072 1128
384 1964
156 351
1339 1436
835 536
1134 628
1661 797
1952 1545
456 1502
566 1314
90 1881
735 349
419 1866
1845 1014
1062 602
400 875
65 1664
42 1137
859 334
724 1860
1297 1951
1496 1396
1632 458
1344 514
830 635
1506 270
499 899
1079 1607
960 1460
765 1535
968 481
850 1402
1690 1794
1513 1667
1101 1442
1301 813
20 736
1545 90
1471 831
472 1324
1274 68
1827 259
554 1947
867 671
300 1174
543 627
1277 895
506 20
1270 1951
107 216
1416 98
1366 961
1477 1189
127 1924
1813 988
1641 365
560 849
812 731
1350 1555
1384 1010
1583 1330
1914 831
351 728
1669 1143
367 435
387 1529
943 1582
1542 754
117 1604
364 1214
195 774
975 1651
1600 1926
615 819
1855 235
675 147
1008 653
740 1305
1626 174
12 1813
151 911
1398 139
693 894
1966 1506
1840 168
658 1844
1978 1187
399 1063
355 1420
624 1206
1888 528
1041 844
1580 680
985 1734
1098 221
788 1648
761 998
362 924
1440 167
510 1095
1443 90
1719 1267
196 1107
546 1469
279 879
1141 757
1045 109
1868 180
345 1251
212 1849
785 508
1344 979
1428 1661
24 974
1575 116
301 1033
1417 1359
278 1177
1286 1675
353 1390
823 838
509 884
417 908
700 196
398 1515
1332 408
293 1669
26 1311
369 1678
1290 1028
844 572
1896 1136
570 712
28 1737
442 405
1841 1051
277 1287
1137 924
1664 1531
550 921
316 1499
1225 1486
1100 1600
52 1250
1440 1201
1636 1811
1955 578
1247 71
1231 1850
1816 292
1705 1004
1089 673
1032 143
881 533
1595 1824
969 934
1527 226
1739 1456
689 316
370 326
290 210
53 77
850 1372
1598 579
16 1939
1937 411
899 1697
82 776
1954 1106
1998 95
235 99
323 1237
372 1438
569 806
1857 315
793 74
1960 1077
830 1337
697 183
767 1559
768 405
544 922
1668 938
1763 557
291 689
730 38
710 642
1338 1584
1505 1954
546 552
1662 695
1132 673
661 922
91 1340
123 1125
1236 554
1706 671
363 1136
1820 1885
1082 805
854 658
933 1930
172 612
827 1913
129 761
216 1009
823 835
1170 900
704 1732
1933 1135
1138 1350
865 1763
1063 1576
418 451
285 492
546 167
1211 737
1478 1747
1986 493
450 751
76 1803
774 88
506 354
1714 1750
1403 313
539 113
1911 1233
1652 1377
1431 386
649 1652
1296 1645
866 573
1745 937
112 771
1374 1197
528 1562
169 1797
1244 1386
1180 535
1215 1013
455 1754
25 1889
439 663
999 913
1707 952
247 527
1557 1773
794 236
918 1827
209 735
184 24
1640 668
972 1484
368 1052
1509 462
1916 466
1936 1218
1910 224
1916 419
1104 1702
177 888
1451 1184
360 1973
1839 732
575 1615
1859 153
1209 414
1047 236
1870 80
250 488
269 1680
145 1120
1805 705
143 1936
915 1585
1630 1217
730 1217
1989 1375
140 1427
686 1064
121 158
155 514
115 1965
102 1939
547 1322
1189 593
472 2000
1031 372
1797 1909
1055 35
621 858
1766 483
1552 1087
644 1045
297 1711
1769 371
664 1775
1443 1976
1945 378
1216 34
1613 1353
1414 197
1883 580
285 368
362 600
838 245
775 54
111 175
503 1565
877 1877
1815 1220
1731 1527
674 471
413 1693
1430 1693
1859 608
651 229
1168 351
911 704
902 202
916 917
15 271
698 572
1845 1447
908 447
1567 765
388 1672
1034 191
815 1957
142 224
1598 793
553 1897
1180 1508
1417 1226
1720 519
1795 1606
606 1127
597 1560
1115 1001
362 1946
1375 1520
865 70
1167 1880
891 957
137 1096
1738 264
1742 531
1397 14
1288 553
641 1670
932 1118
163 1549
1808 1587
1113 314
296 1688
1539 1194
1415 1592
1925 672
1110 1208
1518 696
1545 1067
309 1458
33 981
984 1822
1296 931
638 181
1869 1298
743 1452
1281 36
1098 550
632 905
226 210
265 1312
758 631
1665 1074
32 1433
1198 649
1426 1282
1522 1024
319 201
711 1423
988 1413
1695 1498
366 230
279 772
1989 133
778 257
1445 1723
1588 622
962 32
589 631
1444 698
1560 1024
1125 287
330 834
389 1829
1118 1467
873 568
29 797
1978 880
232 386
46 391
338 1530
1522 1994
218 1944
378 1643
1900 1528
1130 1291
1651 1028
174 399
1665 991
1304 282
580 259
559 639
955 54
940 1685
1357 1874
1979 981
899 1920
371 1173
1546 412
1948 1995
956 872
1879 270
1269 1790
568 53
357 1689
1662 400
1631 1079
526 734
697 1374
447 1612
1968 1578
1193 1017
79 522
1858 217
1189 972
196 307
1363 1452
1028 1540
657 1202
1879 1161
1910 1316
624 1578
1459 357
944 892
1437 1846
1066 422
1448 1918
115 1701
305 1018
1116 29
450 1463
49 519
1091 663
909 1101
1383 1590
321 1038
763 1595
1110 1743
1340 130
96 1472
171 1622
941 1678
862 604
1475 582
1788 1318
1092 429
252 1657
1808 138
1966 436
133 1738
1890 1759
1191 461
58 978
1073 1178
234 1300
1185 1016
27 1338
1971 165
1202 906
924 1185
1479 1322
1483 752
852 442
1506 1672
76 17
233 334
839 1951
1992 1684
1124 710
1987 333
286 515
1208 944
1450 1873
955 285
337 779
587 1881
304 1171
934 615
469 1821
1602 1123
532 540
1020 1225
622 232
1357 665
1791 705
1930 1423
565 1351
1558 108
652 1293
1031 1928
494 361
539 1273
610 389
1712 416
1069 1538
749 1200
828 1325
1018 1301
1400 1485
999 1054
220 155
1626 132
1023 1113
770 124
484 456
1734 1198
1617 1102
1710 1905
1759 620
1425 452
282 776
1765 356
1342 812
598 927
217 43
993 1785
1424 401
965 1651
1831 1345
228 349
930 1199
941 1003
1331 287
50 967
1422 754
634 1771
946 119
832 1468
145 1279
1985 1472
1076 1782
1188 722
308 1789
1097 1291
38 1611
573 1981
966 786
1112 679
465 1981
1176 959
1465 222
1000 467
57 1807
185 1678
1331 1873
40 611
1994 719
1831 1990
1131 1757
1879 1817
608 622
1364 993
545 3
1663 1984
1919 1616
1035 210
129 789
188 818
1743 480
504 1882
1655 1470
1264 1956
500 301
296 1926
62 317
221 1174
1329 1839
1922 1494
356 324
1956 552
672 1415
1161 503
30 1460
1607 1792
558 1216
63 1309
1379 291
152 1029
1690 1004
1471 341
1762 1801
448 555
66 1427
395 1432
1706 90
1637 1819
948 709
888 411
933 1897
1454 964
1771 890
1725 832
488 1553
1938 930
1869 1836
1302 1247
1817 990
57 831
1126 1200
587 391
283 1676
1905 107
915 360
1257 457
733 1434
239 382
400 1476
944 499
57 42
1613 996
511 1238
703 1529
759 1523
1346 478
1089 1704
1354 1393
224 607
1007 269
1750 1543
1380 1109
725 1898
158 843
1510 475
1483 434
967 830
93 456
1883 1576
1833 851
1884 1070
1356 1093
1560 1558
1510 774
416 993
1291 1345
1677 1230
264 1325
1382 497
1303 1826
719 1352
496 619
1769 1260
745 1341
637 1061
86 1647
486 1203
376 1804
1862 360
57 1841
1314 799
350 1728
610 1927
810 1376
1313 803
201 1815
789 1056
1188 1054
630 1683
502 266
266 949
808 32
428 228
1724 391
1303 836
625 1955
1152 385
921 604
1348 1496
1914 996
362 690
235 762
1194 441
1968 1285
1758 755
1137 255
521 1554
1311 697
1328 184
678 1218
1243 1090
1737 1563
1707 1441
825 1240
14 346
1950 594
1137 781
1289 1980
1355 1764
891 1437
25 1126
1129 1327
93 411
1755 1672
1088 457
1126 626
125 1603
1671 1865
1613 749
1826 1894
39 141
1166 322
880 1254
1476 1803
1995 1451
225 316
1506 306
1968 1404
493 1201
1320 813
1664 857
1499 1163
1842 340
455 600
1271 1829
1333 568
699 358
273 1206
1172 1259
1823 706
1608 1083
1351 954
748 1314
966 1533
811 1552
447 203
1778 1407
360 1054
883 1799
84 410
39 1698
642 556
638 1213
229 73
1120 1519
1358 974
571 662
1317 1237
970 1723
1523 1630
1111 220
1872 1766
1268 953
1721 1789
200 612
1780 922
1059 791
1854 260
1567 1455
358 81
1506 1656
222 1227
1570 1015
874 1235
312 720
1064 1606
813 1158
618 324
1793 1159
1890 1036
494 786
338 420
1818 1280
1113 474
48 1208
1859 657
1682 858
1806 1134
1881 1649
885 1439
72 529
764 1571
1853 465
462 747
1927 432
525 1207
1705 1469
468 1398
387 488
315 1213
1561 367
1319 563
25 973
328 1464
1487 1342
1251 1044
764 868
510 23
687 1632
1671 1575
529 1432
1674 1475
486 36
1106 1072
1272 1921
828 536
1748 1857
868 1282
725 727
1544 1666
1009 984
860 760
743 1441
1757 1051
1855 117
149 609
1193 441
1085 29
1868 1371
1354 112
407 1250
303 61
1840 1364
964 522
978 1409
206 1660
225 1563
85 490
1916 723
232 654
1271 79
1605 275
1518 5
1384 1597
51 460
1108 1214
1416 435
382 974
1131 1321
9 1097
156 1768
1979 1094
230 1718
1746 1079
1221 1052
1002 501
1028 1780
961 1472
629 1125
851 599
335 1260
798 267
343 1045
1376 1638
1622 951
1023 856
1868 404
1931 1436
1655 1908
1445 1862
1567 1245
1915 1695
1014 497
909 1092
440 567
1159 1778
3 1339
948 1498
199 99
918 1077
1634 1843
1885 729
1425 273
555 1777
1694 650
584 103
1465 1179
507 1034
1150 836
1618 1669
76 1158
1733 943
1838 1086
1867 1185
345 859
1115 881
816 836
1921 1608
207 1645
907 747
935 1845
128 826
795 1221
426 97
1228 1319
893 1078
324 1801
51 809
286 1144
950 957
484 71
1070 684
1911 1522
1378 1119
1139 1986
1553 694
448 1889
758 720
1412 1302
616 1
1201 248
1063 1043
863 1654
582 745
961 1997
586 11
1002 712
694 861
1541 1324
1196 1803
976 1114
416 1969
1445 1035
1776 1716
339 1501
1886 265
1211 1048
448 274
549 1829
1224 1854
3 1950
556 1090
787 1238
458 658
1156 1408
1280 1424
1569 1162
1492 62
922 1210
680 921
1271 1547
1638 1871
348 1390
1373 1802
2 1089
1088 131
700 1933
1999 1983
640 698
198 898
645 182
713 163
1329 508
1489 882
1727 530
1143 853
865 353
1779 1549
545 1557
324 1639
821 1022
396 814
1046 477
1138 1278
135 193
143 619
10 348
893 1744
1767 1710
936 70
1228 773
164 845
1387 336
1627 1811
581 1092
67 1321
1019 1944
262 18
966 1381
215 1740
1167 645
1586 201
757 525
1718 960
1946 1770
1302 1358
1443 1460
540 738
1844 497
919 184
954 727
1488 352
811 1703
639 1919
197 1111
1835 1360
1805 215
418 1254
79 541
341 1129
1923 1183
820 1295
1332 1286
828 1096
898 470
1234 487
1294 885
831 72
120 1195
659 1293
1320 364
404 1562
1144 67
1545 128
1183 1232
31 587
939 660
132 1439
1381 1656
1517 1556
187 765
721 558
808 1807
813 358
1865 522
1687 1615
1519 1650
1109 528
1723 63
1717 1997
906 1889
555 202
861 1258
1887 288
1883 737
1654 258
883 1747
1368 758
342 47
423 780
162 861
1556 1953
569 711
875 963
286 72
1163 232
496 1085
664 1633
1006 1624
1438 1841
805 311
1521 986
338 1078
1340 1045
900 728
120 1442
1915 114
835 998
748 540
114 1577
811 1787
145 826
1382 166
125 1300
512 164
1771 252
1415 126
1611 1186
1310 161
1012 1964
311 1988
1409 1568
1940 77
152 1133
633 840
717 779
281 184
1986 408
775 1052
650 17
1213 1971
1960 229
1563 497
162 1549
1301 871
1096 741
336 1851
558 377
956 355
761 1722
1361 854
1080 889
758 1934
1428 1174
116 1970
1772 1147
272 570
1187 474
1489 1714
487 483
1 1220
1900 66
325 1338
1103 1100
1729 756
1739 939
1353 139
200 1026
194 1923
1751 1546
266 967
713 1498
1232 1516
518 1750
561 648
1845 731
750 943
551 1556
495 1504
1146 1059
375 201
1553 588
1011 1619
355 144
1593 865
715 1900
220 707
1237 489
403 359
1348 772
1494 1763
90 1628
1653 1376
55 1101
1495 212
563 183
704 1044
501 888
881 594
665 1102
1548 1702
1504 1982
1462 374
1395 1845
1429 260
688 541
1308 1798
902 727
1194 1634
1474 1559
136 1030
899 1227
711 1352
1734 1380
891 1335
543 159
1828 332
340 1134
1527 986
1002 52
495 851
1107 1726
1494 1613
233 1719
1494 1192
1446 1840
140 1573
446 385
1595 811
608 1355
1476 1152
1152 767
529 425
173 415
584 569
1058 596
1336 1441
1908 837
1238 300
437 68
1785 403
1735 1874
1977 1762
1787 517
1544 188
816 173
1620 593
109 24
1657 372
238 517
376 1009
1722 1002
1742 1299
445 1571
308 445
759 491
254 1938
76 1495
330 1814
634 1486
893 681
831 896
110 792
1546 75
263 1962
623 1656
1263 1700
814 1654
666 987
303 1901
1767 509
1836 1119
478 204
1317 1057
875 1133
436 244
325 763
430 1972
1420 1011
1733 910
454 1947
1885 198
1610 251
968 1071
492 150
601 867
618 1180
846 1715
1691 1444
1528 628
493 1265
1185 1711
1025 365
497 576
860 469
893 878
1931 714
543 1707
1360 886
1951 722
1476 1024
1264 253
1748 932
1583 1156
352 1735
1690 1419
793 595
1217 212
765 778
1330 407
1062 803
52 344
283 1457
57 667
310 688
1624 1901
533 1534
379 1885
322 609
498 1485
101 209
890 28
857 374
504 1737
501 1247
485 1651
189 245
92 922
706 917
1752 728
1591 1244
1469 1065
759 1549
1962 1030
807 1304
891 1306
208 1345
1512 394
554 1199
1351 912
1031 300
1633 1819
1710 347
1813 581
1570 298
1110 309
1543 438
985 633
1297 409
1547 296
1551 976
130 6
804 756
798 158
623 1307
836 1978
1103 257
1983 803
1235 566
1687 238
96 1998
59 1294
621 256
969 1403
1108 1391
58 374
178 1641
1976 135
1561 1401
427 1796
656 1540
243 1906
323 208
1851 1946
1853 1250
323 1768
1123 1234
1309 1316
1239 664
749 1594
1944 1503
1746 1250
309 1505
959 1387
1875 194
514 1967
268 103
977 1809
429 833
1369 1291
1248 280
18 1941
520 1470
1278 837
1044 863
243 980
459 1222
1430 1594
1140 432
882 410
660 552
1762 1566
732 366
41 962
1648 1950
1474 556
1929 1756
188 1517
820 1276
1354 1876
1861 702
1963 773
1435 885
265 227
1467 1138
1036 218
83 942
910 1032
583 802
45 141
1814 1992
742 551
862 389
199 1600
759 1243
655 1736
1123 1621
290 737
1000 1946
437 661
1175 1954
1739 1328
1086 10
859 1507
396 584
1713 12
903 1016
1111 1699
887 431
1069 1131
211 7
1231 1520
1672 1382
1516 1907
500 600
1230 1860
1257 1739
197 157
670 1728
961 1475
1181 1085
1679 994
1080 1024
575 925
678 79
839 209
325 1630
592 1616
592 268
899 845
1227 1389
1939 847
89 1290
166 1943
801 681
454 21
728 1644
1330 1904
1808 136
1760 1958
1312 959
561 181
664 1051
643 423
345 1599
1565 664
816 1608
949 707
106 1729
947 681
868 1178
1941 1603
1083 1015
1038 1307
1642 396
1453 1522
590 1385
1642 1584
1164 1061
1080 1582
1555 1875
554 538
351 1830
1979 860
1752 760
1076 33
693 1266
1883 1996
178 519
704 953
1467 264
421 76
22 50
1566 1790
653 1262
760 350
877 1717
284 1514
1899 261
314 952
44 1794
1812 543
1668 300
544 516
234 790
1288 655
1681 203
244 978
1284 842
112 318
1879 128
879 1811
579 1149
1417 574
1197 420
1153 1027
1153 1472
17 1659
766 448
1348 233
343 11
202 720
1456 1695
1884 1138
886 1362
1861 788
376 591
838 390
230 1051
485 121
328 418
1869 919
1464 653
1019 58
365 1200
47 829
1295 931
315 1518
553 850
414 1378
1925 670
204 1296
355 1590
574 1468
1262 643
833 27
1588 420
35 1887
85 364
788 1131
1575 1666
1482 1242
162 1091
1285 305
1982 1275
983 424
772 926
633 558
1154 1117
1129 443
455 276
1373 1875
1510 1832
246 1119
1230 1808
1253 371
1524 1614
394 1691
1660 946
989 1115
1218 856
180 566
1700 951
734 452
534 178
1976 1200
988 956
942 22
1946 1880
446 296
230 142
866 1217
1115 1761
894 1740
119 920
299 1288
1463 1573
1967 1940
702 1793
86 849
365 1053
1686 1003
1604 954
1985 1387
890 1404
1693 1455
401 1710
290 1564
1282 803
299 1319
483 1511
1639 1457
1991 796
1439 1781
1347 206
478 1679
122 942
1661 726
1248 983
764 1863
1779 406
979 161
1050 616
1718 288
863 1372
1420 917
357 473
1026 178
1252 1715
822 1261
69 114
1408 1948
544 424
412 1434
562 772
4 994
1749 623
614 499
513 1396
1919 1040
453 71
380 1607
745 1821
685 832
1795 189
1332 1351
672 74
1040 299
1325 1343
1493 1426
180 606
95 294
1132 366
1490 456
603 303
1222 13
110 1255
1810 516
1068 991
1637 1331
1157 176
215 1864
612 702
67 1564
520 152
134 1621
1414 331
1525 1797
186 853
504 674
1704 1907
104 636
1561 1695
1172 1466
80 907
96 555
598 223
816 446
218 1386
437 713
1672 590
1653 1212
130 176
1056 1617
884 1075
477 790
547 1641
346 237
872 1072
30 889
1401 1906
1140 7
1998 1799
723 698
314 1992
557 715
732 646
1077 449
1694 502
1036 646
341 466
797 394
1195 995
867 1149
736 725
1244 1800
1884 989
89 1445
1411 1458
1936 1039
619 1173
507 782
1596 161
1691 546
312 1631
1020 979
908 1300
940 433
1145 708
1994 1913
1794 258
1692 1050
1787 1662
737 455
1398 648
1773 1534
1267 287
1578 946
393 1831
1105 1482
469 1278
1150 197
785 381
759 433
61 542
1219 1791
1306 611
1003 1459
669 668
747 1971
1767 1466
1572 687
1504 1373
1400 801
1672 1840
1625 1127
849 73
347 1741
384 398
1892 531
420 643
1834 1501
1092 87
1491 1264
1895 1046
928 1618
413 1726
251 1209
1196 434
1114 1074
1105 490
1509 1246
1960 1676
246 1891
33 1256
948 482
1057 1176
19 123
646 151
440 1941
817 219
1316 744
735 588
1756 1027
762 1984
1562 770
782 749
1756 538
869 701
1250 485
479 484
42 1630
326 375
651 349
605 1136
513 1005
583 405
392 1549
254 783
1269 257
293 1334
1677 855
1877 538
700 1949
775 1694
1891 945
243 21
1761 1975
373 320
833 4
736 1969
842 1894
646 1203
1814 1040
996 481
1286 1826
1779 190
781 923
451 23
1808 1048
1946 469
1964 8
274 1242
1580 1969
1076 1894
1049 1888
571 1776
717 1532
666 1616
1006 1286
1866 100
412 1088
990 1488
1462 1657
1550 1517
1702 1163
1005 250
682 71
1095 43
1140 1419
1084 806
103 1342
1449 1262
663 1846
1052 1904
1892 905
461 1367
1233 902
820 1699
186 1067
740 1039
343 395
703 359
1844 81
1934 242
1858 1612
1480 635
1734 1392
559 1099
169 826
542 272
476 1452
819 1652
280 901
1298 169
971 337
707 1878
1237 75
1385 1625
535 438
1521 492
986 995
62 1550
1080 691
1600 1326
1629 1628
683 1091
1847 848
728 740
1954 1696
1391 1791
895 854
757 1299
747 231
1589 1168
536 480
1041 1797
1295 138
1181 930
625 804
616 1394
1832 973
1859 1709
183 1481
335 1732
1848 697
1708 1601
239 1825
1095 276
1401 401
1204 900
101 1196
155 1353
1091 249
713 1745
100 275
3 660
473 397
1433 1100
1112 1321
1317 302
435 91
1688 1349
1895 1364
641 154
1566 1942
1326 816
1754 729
1536 86
34 624
471 843
1711 1493
472 696
1996 1819
832 1104
241 1007
716 1272
1949 354
1507 1797
402 214
980 1982
1132 601
1942 1777
761 1416
1531 1205
1894 1500
1631 834
1993 904
813 1922
1987 216
794 1269
49 1436
168 1260
237 680
1294 766
98 1988
1606 1294
1554 1511
1553 45
1903 1544
1279 1360
464 1113
713 1229
23 1475
1318 260
35 769
1042 1325
808 1814
179 1194
1015 417
407 147
1241 161
1160 765
1499 1398
509 1349
992 2
653 1147
1723 984
192 213
1449 261
444 1388
16 876
110 824
186 617
1165 713
151 1261
926 430
534 1039
1605 1484
692 302
1429 1597
1535 1049
200 938
1031 1667
1529 381
828 884
228 463
219 1507
620 145
1095 945
1771 1116
1071 150
1711 1665
663 971
340 935
186 1236
1426 81
406 1563
1548 970
292 783
846 289
1820 1965
1619 958
1184 1277
1809 1956
1961 693
145 1850
1589 1782
1271 298
524 1446
1464 29
622 1789
1870 1043
1479 1823
565 1090
66 548
1036 311
59 1372
320 1524
580 1179
1915 295
1143 369
934 718
1682 559
1223 1325
735 708
128 895
1751 1328
124 1129
958 1822
1620 1800
1649 1047
1543 149
1924 1837
671 1681
1601 1131
1337 1023
887 88
259 1117
344 367
205 1660
1017 1378
682 594
94 717
897 578
1037 882
739 634
467 1123
1630 1935
1453 1108
875 176
606 1979
780 1150
1084 1325
743 1751
64 1333
1191 982
1064 721
959 263
1526 527
407 1894
170 1523
771 1918
1059 548
1151 64
692 1747
1815 1875
789 1117
1283 1656
1783 291
511 1902
415 1928
1880 1758
358 1500
1093 1422
1311 1164
107 678
37 926
127 1646
1966 318
1658 126
1306 240
1870 1651
905 1410
1016 532
154 191
860 1282
1409 1924
1779 718
1021 1250
309 7
753 1582
1732 279
100 1706
723 1209
211 1816
1022 1310
642 1170
1650 923
1959 1020
1315 1882
322 681
1853 192
688 1775
1026 1524
1393 685
1551 1804
1816 1249
591 1458
135 1750
1647 1917
684 1943
1468 424
1532 597
1018 1216
992 11
662 961
1912 583
1302 7
1196 628
1307 501
550 794
231 848
48 245
676 240
271 907
564 1445
585 1523
1890 567
1663 660
929 448
1207 1384
751 274
146 598
1547 825
632 380
1142 1337
262 1934
669 1689
1673 400
1077 1064
342 1256
473 241
1622 521
272 1796
1530 540
329 35
1381 105
127 1605
1268 559
1541 817
494 1476
325 313
1361 16
1917 1369
186 867
31 9
1868 1301
911 1764
824 1021
315 763
1727 1717
777 490
1432 1501
1614 1552
57 284
479 822
1103 1802
1681 1323
747 1933
1893 622
116 1987
87 983
140 613
1441 1352
589 1382
1231 1399
1358 1699
1893 1712
1661 864
1610 807
26 192
1038 1289
60 1744
526 1623
498 92
870 1143
1524 54
971 1961
1069 97
1124 841
123 1056
571 1574
1148 674
685 1135
1010 1434
687 523
57 1528
1473 1181
