2000 2000 20
313 566
431 1324
1964 1754
1988 517
592 1854
1056 1881
185 47
1884 1944
1501 247
400 490
321 1422
1989 1075
1213 441
431 757
1379 971
1832 1844
760 786
493 1662
1686 287
565 754
1864 1091
838 847
483 1057
658 484
1372 705
1765 1942
940 261
1166 1208
900 1881
1581 1318
36 210
1214 971
813 1347
50 1891
567 752
1162 384
1421 1802
533 552
357 525
1040 1049
1362 305
208 609
138 705
89 43
1015 971
971 539
1468 757
932 525
268 1294
963 1938
616 224
1357 671
1791 1967
1678 659
1105 1878
1702 1789
936 1601
1968 72
1261 1008
1934 458
64 981
1998 575
621 662
1913 1699
495 159
1950 128
727 1403
1725 805
1416 231
777 598
235 279
1845 1900
1803 8
155 652
474 1841
1762 629
673 482
1112 1071
1782 239
1810 1935
1887 741
111 693
1786 512
223 203
616 936
1317 1818
1721 332
1152 552
416 1734
471 1027
732 700
121 1297
35 1160
1354 533
445 1122
214 736
1282 1218
15 579
975 1147
1254 1756
1922 1702
102 587
1114 1390
260 79
401 1467
963 1837
683 117
687 172
1086 121
759 1667
1538 1490
540 1566
702 970
73 1607
1125 1785
1739 1153
265 579
1493 902
1505 1383
1765 1877
128 1940
1415 1535
898 605
175 1187
1637 372
1199 475
1621 1960
652 1146
1244 1049
898 1323
1333 1008
1081 325
392 1940
179 559
1397 1958
1424 1016
292 968
733 1926
1446 104
1125 725
745 306
1087 707
442 166
1648 1022
1080 1261
143 659
1028 751
1626 1836
907 1585
1586 405
1191 1810
727 1729
1866 1326
864 326
1050 1171
1424 509
343 770
1238 244
1510 782
706 356
1032 935
128 419
1555 1687
685 1498
267 525
624 1205
1451 1856
865 1846
456 1201
1840 1093
1501 1493
1280 1256
24 834
985 1419
719 1266
121 1085
1487 1309
1369 1784
821 1232
1714 1893
1890 1186
1583 632
1577 1600
737 1207
952 57
1714 602
1727 294
1871 1688
1594 817
1961 1627
67 247
738 194
1976 344
44 514
714 233
486 409
1301 1619
244 70
1747 853
544 213
705 443
619 41
1261 1765
1765 1273
1628 1228
1420 1163
1564 790
1782 1953
1583 667
199 1127
1193 1783
642 600
164 1429
50 694
50 1376
1132 1773
157 931
1652 1224
924 1743
1440 1319
833 1235
776 413
1221 1
1492 1286
1428 1111
1582 651
1484 1656
170 542
279 400
546 1509
89 1273
850 1080
11 555
596 509
1789 705
1825 1564
862 182
85 841
635 876
1280 1596
671 1167
314 222
1975 1623
65 1298
644 100
1091 413
656 423
566 1997
239 1827
1650 390
1172 410
1772 268
42 1283
1982 1990
1100 834
535 1816
722 1321
351 119
680 302
1594 1154
673 252
505 88
461 1799
1833 451
1028 1663
1432 1282
1778 1666
939 1071
1912 1578
1874 894
1744 201
1681 462
131 790
802 331
1406 76
1096 835
978 888
79 190
1410 1751
89 1784
1247 1388
42 1242
789 1702
1743 859
1418 568
89 1570
1326 266
19 773
161 1932
746 1819
1123 70
443 679
237 1293
1833 1599
1387 1037
321 1005
1095 105
1390 1313
1540 1884
962 1956
34 763
1435 26
1130 1923
553 460
400 1971
1979 403
308 1588
613 1350
1204 1771
1633 1906
1261 307
93 118
695 1381
929 1826
409 37
219 1209
1403 461
876 788
1054 1676
823 709
669 736
1489 1872
52 897
221 1602
180 798
1069 899
1286 613
1538 1921
341 52
920 1251
1973 1490
1595 466
1404 697
1800 289
740 266
320 1766
153 1602
1296 319
723 1359
702 475
1480 1233
205 1288
591 166
404 1434
1361 1230
507 1576
1442 394
183 102
526 1249
852 198
1128 1225
1816 1550
316 990
1553 30
443 1277
1600 849
365 469
1590 822
1567 666
1513 551
1198 1894
1952 504
624 1676
1528 1017
1481 1714
324 1984
248 1839
138 822
668 1057
1050 240
91 653
1074 1032
601 882
757 1584
971 750
1845 1940
235 597
962 1472
1840 1538
95 835
1289 1743
147 1830
1965 685
1587 1132
1849 1526
1450 984
859 1486
1043 470
1030 1820
160 1517
1483 625
884 1314
550 1346
1374 77
572 651
656 1895
614 1833
1833 1988
1436 899
142 266
769 29
166 1533
1995 185
413 469
1010 1211
1981 1861
1523 1548
673 12
1957 1875
482 1443
1866 434
659 1082
1296 1326
651 496
774 978
686 370
450 630
397 1058
1752 1444
266 806
64 947
942 611
1176 661
1979 1672
299 1883
1655 315
810 987
1342 886
856 1675
846 916
1874 1937
332 965
1978 1600
998 1181
1265 1962
1975 1037
920 742
1718 1765
1604 1940
73 154
783 1170
1790 1400
668 1084
1262 1776
856 206
265 1893
1494 1406
1819 1378
1034 557
1931 1037
1181 1500
1121 431
1108 1419
1527 1365
1839 718
398 23
1230 362
585 749
384 1408
1166 1382
1348 752
1118 1566
1231 456
1618 352
610 1488
1988 426
334 582
152 1460
1539 1533
1506 1286
423 956
184 951
1059 306
960 938
1063 847
755 225
210 1736
97 58
968 1179
1880 382
1264 1066
1302 1568
1905 659
1620 646
90 506
832 1663
705 492
125 888
926 1716
1245 190
1856 1360
347 968
343 823
393 1385
472 817
463 141
797 1413
705 534
425 553
432 79
256 286
1693 682
1652 767
973 936
1653 768
1380 384
407 432
1398 974
36 1327
1743 1200
837 1516
940 1819
837 1166
403 304
799 1912
2000 1862
550 1608
79 1884
313 1452
1370 1064
1989 1518
1836 914
1691 1777
1348 1884
346 1934
1542 1707
549 1026
1289 1913
106 961
61 278
1881 1194
1210 1082
918 1598
133 1747
1273 431
245 993
645 386
1340 111
190 65
1598 710
1325 197
1438 129
959 1763
1129 76
936 279
339 559
915 1366
11 883
1167 1470
128 732
480 1967
1037 839
1915 266
12 376
123 1995
572 1560
498 300
1732 1432
1511 126
555 1532
1765 772
1645 454
373 656
834 1182
573 467
388 333
517 122
1902 1473
1639 268
1999 1303
724 1357
438 131
1094 1310
1381 1895
909 1526
129 1266
590 704
824 78
641 800
1004 143
1858 1348
1640 1812
848 28
1225 738
878 1545
1713 62
1145 1090
429 1606
336 1575
942 1076
1985 872
1615 332
1661 1262
956 966
1970 439
532 1269
492 479
1385 943
1140 1210
375 1334
472 1839
961 1234
1445 1515
1103 727
543 1179
815 344
744 81
1536 622
787 149
85 731
1997 779
558 227
1183 1973
1651 738
70 1371
1342 1395
427 247
1731 1449
1410 1469
1616 1039
1988 1398
1018 465
1610 1282
138 529
1330 114
1531 1969
1812 1878
1163 112
1836 60
1044 195
936 920
1243 175
147 595
617 1462
1793 237
1153 943
543 379
143 513
1597 1226
788 235
1154 1726
1225 1950
572 1757
1973 1772
277 857
592 1343
282 1909
1168 750
1458 1043
162 1455
770 1992
448 1146
172 298
1141 258
466 698
1344 268
1483 1229
1915 613
324 549
561 1986
1718 630
1078 777
543 798
607 1061
574 1154
149 837
1958 1614
1471 1174
593 1829
276 570
1636 365
126 920
623 297
617 1897
616 295
343 1141
738 1119
1856 588
1701 272
738 1298
169 474
230 1677
937 770
254 873
1008 1544
921 1842
261 1157
1876 1925
55 601
1584 69
1903 1577
1840 1002
107 351
908 650
1783 1065
1934 584
1268 1261
1788 694
316 31
1842 650
1086 1260
1150 106
420 1416
1149 1435
799 1808
977 13
508 174
1671 1014
384 137
576 1178
1601 649
801 237
911 1156
1490 996
1379 856
627 653
7 1442
463 1804
297 1462
607 1056
655 504
860 1212
291 1209
1047 216
906 890
688 446
1385 1741
917 367
1833 1568
1959 862
1136 1426
1948 128
1026 1981
1219 868
1833 217
355 494
650 961
40 851
849 644
1412 1726
662 961
1644 226
143 901
1401 340
1476 1759
620 1157
646 645
1737 384
727 532
64 521
1082 754
1908 1579
437 1980
1339 859
1602 292
821 1345
1770 201
1388 1257
416 279
586 228
1522 1742
1828 1993
1045 489
1552 1938
1892 1467
361 986
27 600
1936 1082
379 481
1906 1839
1087 982
1704 160
1809 1982
898 191
456 1638
211 1573
1611 1551
468 154
1209 1969
1635 1634
1504 932
1025 105
1899 1671
930 526
114 1181
945 1852
1416 638
1472 200
380 1424
1588 909
163 1304
1883 590
1809 884
1047 106
885 22
330 946
1792 518
311 132
96 1833
1495 808
239 1478
708 1859
733 1002
1714 1509
756 1761
168 466
156 1071
1778 159
248 302
1940 1551
555 1366
246 743
1920 1453
1307 1655
1351 86
476 743
1389 1460
947 736
659 1833
18 1843
932 1781
1541 357
612 1165
1083 1053
1060 1193
1190 752
1689 1583
351 1207
618 1972
46 1398
1268 1143
300 1875
1706 608
1718 1117
380 961
1524 564
1050 1225
101 463
1832 654
545 38
283 1104
1207 1994
1417 1169
30 733
42 899
1705 345
1121 408
1216 1744
1458 812
585 932
1282 265
1791 904
1969 1908
1128 77
1096 1886
1116 840
1973 198
551 80
36 671
1188 650
1578 1332
1782 1642
1926 537
1967 980
730 1599
1951 949
1939 944
257 1069
1255 1464
790 1711
116 401
1442 1912
78 1769
455 638
748 1814
1997 95
864 515
292 1406
1350 21
1267 1503
1471 1143
589 160
82 150
1327 318
1963 549
1431 739
114 1863
418 744
1001 640
1087 783
338 406
1846 1105
1610 1423
1002 773
260 1388
1525 1281
1111 1337
139 1294
38 1198
720 1838
1991 793
549 1660
1753 320
1850 228
1988 1754
1194 792
1944 1567
1394 1487
38 16
889 327
131 863
1895 1034
320 628
88 689
1322 1638
1872 758
248 1361
1760 103
1519 752
1254 260
1146 527
255 1093
422 682
1624 1555
1059 253
637 1376
1585 1137
1490 1547
837 754
569 1303
680 323
1235 1202
416 133
87 26
1833 1458
1140 1685
1575 1094
712 487
400 1536
668 219
106 1514
228 754
1090 1358
988 1452
1336 1030
799 1125
717 986
244 1670
341 971
107 358
95 132
1962 1000
421 1344
1473 1210
1039 368
1361 1619
1896 132
597 857
103 1643
643 772
1859 1605
1026 1176
511 1977
1253 985
1418 1101
1299 1395
692 1253
1713 1682
393 1069
848 1277
230 1715
437 1209
1649 724
768 239
1884 1288
209 443
985 1734
1421 1412
743 1081
696 592
1231 1644
1583 1828
914 1982
519 1835
1554 1079
801 612
626 675
1683 1095
1884 501
503 1295
603 1363
973 1954
1598 1571
163 541
1213 1068
58 671
1751 738
1493 735
1345 955
802 417
722 1431
1490 1841
1016 234
349 1442
665 99
1283 274
923 1222
806 760
1026 932
1209 89
1727 1478
1243 1425
713 90
917 625
1022 210
331 1543
1708 1010
492 499
1751 1859
715 818
332 1128
312 1712
724 271
590 1763
1276 1042
1523 95
175 1457
305 90
625 1080
1538 1169
1927 1781
1753 1654
1160 662
1357 1249
1969 410
1452 795
406 1450
674 1569
492 502
515 887
1999 1203
73 977
1077 1288
58 1430
79 794
1780 860
289 946
1529 1160
547 874
1138 1807
770 218
486 662
566 48
1131 1538
768 891
866 726
464 477
1373 464
1305 2000
1625 974
370 1235
1679 513
75 1763
94 60
1282 113
826 9
1420 528
1879 328
425 1225
1989 1965
555 945
154 1651
1888 1352
1636 464
943 146
1005 1502
1379 1442
307 1641
764 172
160 688
646 1622
1500 648
622 310
1379 670
1178 1469
374 242
3 880
1882 19
673 349
293 1585
121 1182
437 1878
810 1794
1196 1967
50 508
236 1227
997 1640
1033 1591
958 848
487 15
971 555
366 342
1093 1786
954 856
815 2000
378 438
683 514
287 1248
1015 721
1353 1391
1134 1734
374 1719
716 1747
1636 301
524 885
1999 631
1243 1933
1832 638
1673 1018
1778 233
6 755
75 1873
1880 313
1312 1655
873 713
630 584
296 1366
1516 703
1651 1627
1940 866
414 1950
581 437
959 293
2 555
742 791
1865 1264
1070 1873
1000 491
1182 821
1958 734
1076 1975
647 1938
186 877
1620 1632
32 842
1148 709
1281 40
1917 1859
1140 245
1530 1126
50 433
390 298
1355 1133
1274 1462
1947 709
118 1707
1813 858
919 471
1936 229
1662 1913
1535 504
196 1349
1722 1734
1763 916
639 453
1919 384
1081 564
1126 391
1150 350
652 948
1050 810
1874 39
497 534
677 777
241 1213
1991 1952
1616 1197
1646 1298
563 1379
430 371
707 681
979 1167
174 1566
172 1019
1747 1237
152 870
54 405
1595 1838
890 1008
14 1264
1693 456
925 1306
1087 845
1507 1371
568 625
790 1284
1204 302
1277 522
544 1663
1910 233
1874 1023
364 1823
606 377
377 744
1655 284
1376 683
1077 457
108 77
869 1380
671 1182
426 66
1878 78
606 1844
1087 49
553 1422
335 834
753 1826
290 1310
1287 549
443 1813
1128 964
1838 1142
1716 1839
913 1487
928 903
950 1596
259 1263
691 641
348 1276
1783 363
58 38
128 771
1955 239
1081 1111
1185 1913
523 967
1047 415
1705 816
1600 1807
855 134
1072 803
1705 1364
1679 207
485 181
729 114
1945 1723
1420 819
684 1429
486 475
646 1064
1162 910
1751 1311
1682 264
475 384
120 1026
505 1811
1087 1843
522 761
1300 32
51 1453
782 186
1461 1608
781 1735
1109 110
1657 770
705 1777
931 1851
398 1347
564 570
187 1897
282 752
727 151
616 1890
173 1720
1490 1285
1268 1654
1113 1860
784 1839
1396 1376
1088 568
1594 1893
646 133
1893 1694
220 838
1569 1748
992 1994
1448 1916
429 927
1482 815
1121 1801
924 1115
1666 1227
431 360
994 1620
1974 1906
318 830
1809 1823
929 83
892 1762
1884 489
1252 21
716 722
1618 866
1320 1552
1051 77
808 20
1375 104
938 846
499 1042
1899 831
1469 1206
923 766
1987 1000
403 1538
1960 883
1013 878
879 1093
1316 213
536 1752
658 935
566 1752
251 1614
443 353
1047 288
1746 879
936 785
1425 1447
405 1164
1384 1902
900 1026
1234 289
1209 1379
472 1687
1737 843
74 1420
1473 1913
993 1456
383 751
1973 1179
137 480
1081 1797
1756 1924
892 801
132 556
1733 42
1388 1003
1667 476
868 1591
284 1593
483 1006
173 1807
1407 720
492 178
262 752
1036 1261
1918 971
247 249
878 317
807 742
1017 1820
937 671
746 1485
1734 1666
1212 550
1474 1140
615 126
1714 110
518 211
1356 317
911 701
128 1375
1589 40
1112 634
1941 1321
922 534
1738 550
1431 1617
140 1234
511 1988
508 653
1266 1612
164 488
109 1443
1647 1224
1549 1130
1342 334
462 1031
1463 1696
144 905
327 1439
1619 888
444 1150
1538 1390
1767 1545
35 1217
381 1747
906 1520
485 190
402 555
133 1932
400 64
475 1263
864 1102
1228 763
439 1983
331 1293
652 1795
825 514
447 868
1441 396
1092 482
717 875
1842 1589
1959 1760
783 934
1842 1759
1692 1528
564 1367
84 937
737 1
1162 1067
790 534
1805 1023
1000 1822
1807 920
1017 602
972 1986
1182 1072
1796 277
1305 1014
227 1235
1533 1734
683 1098
183 397
1082 1776
972 82
1804 469
842 1885
1907 751
320 1728
492 215
1442 811
1219 659
1916 264
285 1991
322 897
1192 1386
1411 1272
1874 554
5 565
861 1706
1081 184
22 868
1550 594
712 1198
1992 1719
1945 1104
1169 1554
1657 361
1053 989
107 898
1154 912
165 1498
1848 1491
1970 1700
1546 183
1155 1513
1973 128
1565 77
1915 587
923 929
1423 440
662 1693
148 365
1558 75
1755 503
1110 707
597 547
573 1442
953 955
98 105
864 597
1943 1463
1306 639
841 1856
1020 1547
1155 275
11 815
158 779
1886 1596
872 577
303 1938
1985 1294
881 1097
1440 727
1749 147
1668 1559
1259 1459
708 701
959 1592
1690 103
17 1111
1291 734
664 1305
1366 1472
1475 1859
1392 1583
328 454
1680 1170
1180 262
130 1689
941 929
106 1869
50 1164
1730 439
1195 1553
1790 399
1775 350
746 752
1684 291
359 126
449 1144
1790 562
1499 300
251 1717
1655 50
1565 1674
597 298
1912 1572
138 814
1600 1393
416 309
1086 286
1044 1230
424 475
1613 95
583 1475
771 1898
1238 917
282 871
1135 150
167 1505
1010 1349
1893 1401
937 1664
193 1696
1695 1969
1559 747
394 1774
932 290
1709 398
160 604
1377 660
705 971
1250 1216
1097 1651
829 845
868 1353
640 1282
1972 59
1359 1050
1004 895
1181 1537
1538 27
591 1972
1223 387
77 1062
932 694
436 571
1495 1144
1003 1402
1107 311
1614 1860
1956 1904
190 1292
1073 1328
1012 317
1806 846
738 1831
304 690
374 473
1182 1290
176 1756
1359 1901
1286 983
486 1583
1631 1700
1010 1703
1872 694
976 53
780 443
392 765
645 593
171 1093
1257 1847
1788 1308
914 1923
429 1534
1656 344
694 1493
255 356
533 575
447 1614
1562 1747
437 188
1505 1497
389 1562
1233 663
837 1628
135 1815
228 1426
225 10
567 1929
967 175
1925 900
1505 697
429 1501
917 599
867 578
372 1282
145 1352
991 300
654 1855
1158 1956
339 1080
854 1490
764 1542
1891 551
439 1743
337 311
92 482
1073 1657
1701 920
1087 1973
775 1636
102 1161
1007 1241
354 1303
1672 1459
728 659
1998 456
202 1554
1672 969
142 847
1688 710
90 1231
1267 823
1477 1838
1546 1515
1686 1839
942 1453
519 140
1844 1581
1787 49
1574 345
428 1062
456 1839
537 1215
60 333
462 636
1894 896
58 571
777 416
1870 1494
1207 752
752 212
281 1610
147 1099
328 673
398 58
137 1002
1426 1496
1048 1915
136 1655
1279 848
1081 1011
1455 1500
1128 197
1041 75
445 1366
1018 201
1761 565
1938 1968
652 384
898 1236
132 243
817 306
298 1342
1120 105
696 672
974 1857
779 548
1987 1743
218 238
464 1839
369 1031
651 263
137 914
175 1376
1091 538
1495 437
1929 1224
266 1225
1743 1851
1425 1429
1464 1439
127 616
1814 199
1764 800
128 1889
1821 1160
1453 1038
454 1052
568 1053
756 1029
836 761
667 818
1803 890
1768 1904
1134 1405
1797 232
1331 1823
1563 1815
1399 1485
128 1069
201 1687
1200 56
573 1355
903 1693
99 695
1561 262
1665 356
385 1359
1096 870
878 1824
867 1815
1490 196
301 71
1147 967
1462 641
1817 1216
820 1116
1773 655
1776 230
804 752
1196 1352
1387 1550
809 384
1608 970
696 1037
1653 1798
1175 245
1560 50
204 1976
633 1891
1944 1278
657 186
1368 446
355 553
1049 1430
68 273
1911 255
1487 1435
1473 103
1289 1450
1437 1714
957 429
1145 439
404 891
1106 298
937 137
1985 1055
1889 1193
1814 1758
923 439
500 3
971 1449
1441 578
716 1213
877 235
3 375
410 1853
1915 264
203 1736
205 270
1302 371
1629 22
959 193
508 1580
110 626
1914 1726
1219 1181
1657 1338
1215 1930
694 47
1719 1258
768 1298
1698 770
402 796
111 1710
1461 1163
1740 1839
893 1302
269 1584
151 1007
839 1573
1111 134
1946 1999
624 90
1945 56
531 106
177 1332
828 97
994 827
280 1767
1473 841
1270 1936
801 1433
1556 940
1207 1071
1634 138
935 1272
1435 260
1177 1180
1559 716
1841 1576
720 1712
720 1521
384 1335
986 933
573 1834
619 1037
1874 298
1799 1409
420 1427
1326 560
1350 1351
1639 1027
192 1031
198 1184
1138 999
316 1724
1609 376
399 1647
1116 937
411 228
1560 1240
880 603
1139 1010
1189 768
1745 1490
25 682
1721 105
1939 1273
1868 305
1525 124
142 1895
1414 1906
1046 1159
961 1742
516 1605
1545 486
676 266
1891 1028
655 1233
1159 1603
284 1454
1823 366
115 655
1949 646
952 1313
133 504
1997 801
1218 1832
111 770
383 1329
279 1271
520 201
1071 1046
877 1303
870 163
45 1625
111 678
273 1382
1479 900
1755 1636
1473 1893
1422 1383
170 579
1697 649
1829 4
1327 711
1379 1763
1111 578
1119 1658
1403 1583
1191 432
1024 1159
1181 1032
1539 1089
316 746
1620 1239
1512 807
1776 797
1002 1975
842 1891
1377 1999
1508 395
817 1009
752 150
1026 1306
395 625
9 1185
275 1246
1576 1848
864 995
1315 1921
850 1897
1226 260
602 278
1951 150
1701 762
1050 601
1456 250
1557 1064
647 1464
544 1173
1838 190
608 1094
435 1140
1721 699
801 431
1630 1756
1002 578
909 1584
1386 1807
1985 1488
459 951
778 1310
1275 855
1120 412
650 452
1179 1365
1547 401
1465 1416
1209 1223
683 1966
248 741
1735 1162
1819 279
330 1867
29 967
1928 1071
555 1376
339 1066
1196 1725
1556 844
1184 1126
1456 33
1266 279
1758 480
1209 314
616 1996
329 866
1736 1151
1031 456
1598 1875
551 88
905 979
883 510
147 371
1750 1688
1035 486
368 728
1705 530
898 1669
1856 685
1705 1913
1569 1440
478 1617
1338 1124
1598 1375
403 1938
1160 1220
188 609
1659 696
1671 1779
1965 976
225 705
189 416
1960 580
1830 1317
291 688
549 659
1610 1466
707 1021
1341 1644
1202 212
63 795
375 150
