2000 1999 20
1 1725
1725 2
1 1069
1069 3
2 1523
1523 4
2 1270
1270 5
3 1359
1359 6
3 1090
1090 7
4 1483
1483 8
4 1769
1769 9
5 1153
1153 10
5 1206
1206 11
6 1131
1131 12
6 1461
1461 13
7 1668
1668 14
7 15
8 1629
1629 16
8 1780
1780 17
9 1278
1278 18
9 1598
1598 19
10 1068
1068 20
10 1974
1974 21
11 1423
1423 22
11 1646
1646 23
12 1827
1827 24
12 1666
1666 25
13 1587
1587 26
13 1110
1110 27
14 1236
1236 28
14 1348
1348 29
15 1135
1135 30
15 1412
1412 31
16 1779
1779 32
16 1319
1319 33
17 1491
1491 34
17 35
18 1230
1230 36
18 1726
1726 37
19 1445
1445 38
19 1778
1778 39
20 1430
1430 40
20 1883
1883 41
21 1837
1837 42
21 1679
1679 43
22 1667
1667 44
22 1697
1697 45
23 1520
1520 46
23 1962
1962 47
24 1178
1178 48
24 1132
1132 49
25 1696
1696 50
25 1104
1104 51
26 1248
1248 52
26 1383
1383 53
27 1196
1196 54
27 1958
1958 55
28 1297
1297 56
28 1664
1664 57
29 1464
1464 58
29 1256
1256 59
30 1538
1538 60
30 1724
1724 61
31 1218
1218 62
31 1240
1240 63
32 1706
1706 64
32 1075
1075 65
33 1680
1680 66
33 1221
1221 67
34 1763
1763 68
34 1756
1756 69
35 1398
1398 70
35 1210
1210 71
36 1918
1918 72
36 1098
1098 73
37 1539
1539 74
37 1619
1619 75
38 1744
1744 76
38 1980
1980 77
39 1535
1535 78
39 1239
1239 79
40 1536
1536 80
40 1056
1056 81
41 1052
1052 82
41 1474
1474 83
42 1160
1160 84
42 1558
1558 85
43 1560
1560 86
43 1953
1953 87
44 1161
1161 88
44 1275
1275 89
45 1914
1914 90
45 1232
1232 91
46 1895
1895 92
46 1650
1650 93
47 1228
1228 94
47 1092
1092 95
48 1217
1217 96
48 1753
1753 97
49 1800
1800 98
49 1380
1380 99
50 1390
1390 100
50 1438
1438 101
51 1624
1624 102
51 1035
1035 103
52 1421
1421 104
52 1296
1296 105
53 1323
1323 106
53 1171
1171 107
54 1840
1840 108
54 1497
1497 109
55 110
55 111
56 1226
1226 112
56 1955
1955 113
57 1581
1581 114
57 1828
1828 115
58 1795
1795 116
58 1636
1636 117
59 1119
1119 118
59 1382
1382 119
60 1925
1925 120
60 1200
1200 121
61 1853
1853 122
61 1982
1982 123
62 1045
1045 124
62 1229
1229 125
63 1370
1370 126
63 1280
1280 127
64 1488
1488 128
64 1910
1910 129
65 1891
1891 130
65 1046
1046 131
66 1792
1792 132
66 1372
1372 133
67 1415
1415 134
67 1996
1996 135
68 1030
1030 136
68 1099
1099 137
69 1894
1894 138
69 1527
1527 139
70 140
70 1937
1937 141
71 1931
1931 142
71 1143
1143 143
72 1673
1673 144
72 1173
1173 145
73 1339
1339 146
73 1905
1905 147
74 1934
1934 148
74 1168
1168 149
75 1294
1294 150
75 1097
1097 151
76 1084
1084 152
76 1994
1994 153
77 1487
1487 154
77 1426
1426 155
78 1139
1139 156
78 1062
1062 157
79 1059
1059 158
79 1442
1442 159
80 1324
1324 160
80 1402
1402 161
81 1481
1481 162
81 1031
1031 163
82 1809
1809 164
82 1066
1066 165
83 1121
1121 166
83 1123
1123 167
84 1401
1401 168
84 1742
1742 169
85 1145
1145 170
85 1754
1754 171
86 1460
1460 172
86 1194
1194 173
87 1530
1530 174
87 1285
1285 175
88 176
88 1851
1851 177
89 1590
1590 178
89 1939
1939 179
90 1071
1071 180
90 1582
1582 181
91 1463
1463 182
91 1528
1528 183
92 1832
1832 184
92 1434
1434 185
93 1993
1993 186
93 1776
1776 187
94 1261
1261 188
94 1484
1484 189
95 1449
1449 190
95 1900
1900 191
96 1526
1526 192
96 193
97 1335
1335 194
97 1175
1175 195
98 1761
1761 196
98 1048
1048 197
99 1969
1969 198
99 1313
1313 199
100 1693
1693 200
100 1368
1368 201
101 1848
1848 202
101 1589
1589 203
102 1199
1199 204
102 1963
1963 205
103 1512
1512 206
103 1184
1184 207
104 1183
1183 208
104 1836
1836 209
105 1787
1787 210
105 1661
1661 211
106 1546
1546 212
106 1473
1473 213
107 1588
1588 214
107 1826
1826 215
108 1920
1920 216
108 1659
1659 217
109 1676
1676 218
109 1632
1632 219
110 1838
1838 220
110 1738
1738 221
111 1995
1995 222
111 223
112 1332
1332 224
112 1331
1331 225
113 1095
1095 226
113 227
114 1118
1118 228
114 1639
1639 229
115 1833
1833 230
115 1436
1436 231
116 1211
1211 232
116 1718
1718 233
117 1641
1641 234
117 1286
1286 235
118 236
118 1429
1429 237
119 1899
1899 238
119 1921
1921 239
120 1273
1273 240
120 1552
1552 241
121 1843
1843 242
121 1073
1073 243
122 1648
1648 244
122 1593
1593 245
123 1669
1669 246
123 1655
1655 247
124 1684
1684 248
124 249
125 1486
1486 250
125 1831
1831 251
126 252
126 1847
1847 253
127 1715
1715 254
127 1887
1887 255
128 1385
1385 256
128 1406
1406 257
129 1888
1888 258
129 1292
1292 259
130 1557
1557 260
130 1594
1594 261
131 1137
1137 262
131 1284
1284 263
132 1381
1381 264
132 1504
1504 265
133 1821
1821 266
133 1389
1389 267
134 1250
1250 268
134 1260
1260 269
135 1397
1397 270
135 1637
1637 271
136 1024
1024 272
136 273
137 1271
1271 274
137 1214
1214 275
138 1498
1498 276
138 1471
1471 277
139 1580
1580 278
139 279
140 1506
1506 280
140 1694
1694 281
141 1943
1943 282
141 1058
1058 283
142 1034
1034 284
142 1904
1904 285
143 1750
1750 286
143 1072
1072 287
144 1213
1213 288
144 1142
1142 289
145 1799
1799 290
145 1047
1047 291
146 1783
1783 292
146 1762
1762 293
147 1439
1439 294
147 1373
1373 295
148 1235
1235 296
148 1112
1112 297
149 1544
1544 298
149 1420
1420 299
150 1595
1595 300
150 1245
1245 301
151 1675
1675 302
151 1478
1478 303
152 1379
1379 304
152 1765
1765 305
153 1067
1067 306
153 1507
1507 307
154 1586
1586 308
154 1613
1613 309
155 1482
1482 310
155 1773
1773 311
156 1927
1927 312
156 1083
1083 313
157 1289
1289 314
157 315
158 316
158 1327
1327 317
159 1080
1080 318
159 1216
1216 319
160 1209
1209 320
160 1628
1628 321
161 1708
1708 322
161 1166
1166 323
162 1163
1163 324
162 1427
1427 325
163 1929
1929 326
163 1759
1759 327
164 1510
1510 328
164 1299
1299 329
165 1878
1878 330
165 1231
1231 331
166 1040
1040 332
166 1757
1757 333
167 1579
1579 334
167 1458
1458 335
168 1102
1102 336
168 1190
1190 337
169 1338
1338 338
169 1729
1729 339
170 1117
1117 340
170 1061
1061 341
171 1198
1198 342
171 1621
1621 343
172 1205
1205 344
172 1703
1703 345
173 1469
1469 346
173 1028
1028 347
174 1116
1116 348
174 1404
1404 349
175 1413
1413 350
175 1859
1859 351
176 1764
1764 352
176 1772
1772 353
177 1567
1567 354
177 1841
1841 355
178 1195
1195 356
178 1874
1874 357
179 1259
1259 358
179 1804
1804 359
180 1264
1264 360
180 1106
1106 361
181 1257
1257 362
181 1378
1378 363
182 1283
1283 364
182 1467
1467 365
183 1926
1926 366
183 1336
1336 367
184 1820
1820 368
184 1915
1915 369
185 1400
1400 370
185 1187
1187 371
186 1224
1224 372
186 1866
1866 373
187 374
187 1266
1266 375
188 1649
1649 376
188 1326
1326 377
189 1591
1591 378
189 1690
1690 379
190 1341
1341 380
190 1065
1065 381
191 1912
1912 382
191 1802
1802 383
192 1154
1154 384
192 385
193 1998
1998 386
193 1566
1566 387
194 1743
1743 388
194 1553
1553 389
195 1077
1077 390
195 1942
1942 391
196 1033
1033 392
196 1803
1803 393
197 1174
1174 394
197 1885
1885 395
198 1923
1923 396
198 1875
1875 397
199 398
199 1870
1870 399
200 1642
1642 400
200 1682
1682 401
201 1105
1105 402
201 1625
1625 403
202 1043
1043 404
202 1643
1643 405
203 1444
1444 406
203 407
204 1849
1849 408
204 1361
1361 409
205 1269
1269 410
205 1136
1136 411
206 1647
1647 412
206 1082
1082 413
207 1465
1465 414
207 1403
1403 415
208 1903
1903 416
208 1938
1938 417
209 1356
1356 418
209 1351
1351 419
210 1049
1049 420
210 1496
1496 421
211 1268
1268 422
211 1732
1732 423
212 1735
1735 424
212 1026
1026 425
213 1842
1842 426
213 1127
1127 427
214 1638
1638 428
214 429
215 1074
1074 430
215 1789
1789 431
216 1908
1908 432
216 1782
1782 433
217 1928
1928 434
217 1663
1663 435
218 1805
1805 436
218 1599
1599 437
219 1788
1788 438
219 1311
1311 439
220 1141
1141 440
220 1616
1616 441
221 1979
1979 442
221 1181
1181 443
222 1306
1306 444
222 1564
1564 445
223 1854
1854 446
223 1728
1728 447
224 1987
1987 448
224 1395
1395 449
225 1608
1608 450
225 1733
1733 451
226 1304
1304 452
226 1983
1983 453
227 1263
1263 454
227 1516
1516 455
228 1871
1871 456
228 1222
1222 457
229 1932
1932 458
229 1575
1575 459
230 1950
1950 460
230 1039
1039 461
231 1568
1568 462
231 1922
1922 463
232 1716
1716 464
232 1262
1262 465
233 1255
1255 466
233 1660
1660 467
234 1751
1751 468
234 1518
1518 469
235 1241
1241 470
235 1414
1414 471
236 1480
1480 472
236 1707
1707 473
237 1156
1156 474
237 1777
1777 475
238 1176
1176 476
238 1288
1288 477
239 1714
1714 478
239 1768
1768 479
240 1844
1844 480
240 1358
1358 481
241 1554
1554 482
241 1749
1749 483
242 1771
1771 484
242 1881
1881 485
243 1886
1886 486
243 1503
1503 487
244 1794
1794 488
244 1947
1947 489
245 1681
1681 490
245 1770
1770 491
246 1997
1997 492
246 1495
1495 493
247 1609
1609 494
247 1748
1748 495
248 1959
1959 496
248 1822
1822 497
249 1686
1686 498
249 1534
1534 499
250 1169
1169 500
250 501
251 1318
1318 502
251 1475
1475 503
252 1952
1952 504
252 1542
1542 505
253 1158
1158 506
253 1151
1151 507
254 1193
1193 508
254 1565
1565 509
255 1810
1810 510
255 1961
1961 511
256 1515
1515 512
256 1550
1550 513
257 1626
1626 514
257 1165
1165 515
258 1815
1815 516
258 1493
1493 517
259 1524
1524 518
259 1774
1774 519
260 1865
1865 520
260 1325
1325 521
261 1784
1784 522
261 1087
1087 523
262 1622
1622 524
262 1425
1425 525
263 1298
1298 526
263 1889
1889 527
264 1898
1898 528
264 1945
1945 529
265 1640
1640 530
265 1396
1396 531
266 1872
1872 532
266 1677
1677 533
267 1238
1238 534
267 1537
1537 535
268 1079
1079 536
268 1977
1977 537
269 1344
1344 538
269 1375
1375 539
270 1086
1086 540
270 1946
1946 541
271 1042
1042 542
271 1129
1129 543
272 1133
1133 544
272 1573
1573 545
273 1688
1688 546
273 1101
1101 547
274 1747
1747 548
274 1698
1698 549
275 1300
1300 550
275 1740
1740 551
276 1824
1824 552
276 1295
1295 553
277 1845
1845 554
277 1203
1203 555
278 1485
1485 556
278 1971
1971 557
279 558
279 1282
1282 559
280 1477
1477 560
280 1088
1088 561
281 1201
1201 562
281 1120
1120 563
282 1957
1957 564
282 1309
1309 565
283 1152
1152 566
283 1369
1369 567
284 1138
1138 568
284 1861
1861 569
285 570
285 1574
1574 571
286 1111
1111 572
286 1555
1555 573
287 1085
1085 574
287 1972
1972 575
288 1521
1521 576
288 1063
1063 577
289 1685
1685 578
289 1876
1876 579
290 1360
1360 580
290 1846
1846 581
291 582
291 1856
1856 583
292 1600
1600 584
292 1041
1041 585
293 1316
1316 586
293 1653
1653 587
294 1814
1814 588
294 1267
1267 589
295 1455
1455 590
295 1253
1253 591
296 1699
1699 592
296 1148
1148 593
297 1371
1371 594
297 595
298 1949
1949 596
298 1944
1944 597
299 1109
1109 598
299 1343
1343 599
300 1720
1720 600
300 1879
1879 601
301 1531
1531 602
301 1737
1737 603
302 1302
1302 604
302 1220
1220 605
303 1635
1635 606
303 1973
1973 607
304 1651
1651 608
304 1797
1797 609
305 1858
1858 610
305 1990
1990 611
306 1450
1450 612
306 1113
1113 613
307 1410
1410 614
307 1549
1549 615
308 1731
1731 616
308 1951
1951 617
309 1237
1237 618
309 1615
1615 619
310 620
310 1578
1578 621
311 1954
1954 622
311 1448
1448 623
312 1818
1818 624
312 1501
1501 625
313 1393
1393 626
313 627
314 1691
1691 628
314 1108
1108 629
315 1618
1618 630
315 1970
1970 631
316 1572
1572 632
316 1212
1212 633
317 1405
1405 634
317 1545
1545 635
318 1551
1551 636
318 1150
1150 637
319 1605
1605 638
319 1329
1329 639
320 640
320 1180
1180 641
321 1500
1500 642
321 1466
1466 643
322 1823
1823 644
322 1631
1631 645
323 1710
1710 646
323 1717
1717 647
324 1227
1227 648
324 1055
1055 649
325 1829
1829 650
325 1652
1652 651
326 652
326 1330
1330 653
327 1362
1362 654
327 1670
1670 655
328 656
328 1489
1489 657
329 1386
1386 658
329 1767
1767 659
330 1416
1416 660
330 1721
1721 661
331 1830
1830 662
331 1801
1801 663
332 1890
1890 664
332 1576
1576 665
333 1164
1164 666
333 1791
1791 667
334 1808
1808 668
334 1760
1760 669
335 670
335 1988
1988 671
336 1893
1893 672
336 1941
1941 673
337 1249
1249 674
337 1223
1223 675
338 1882
1882 676
338 1992
1992 677
339 1347
1347 678
339 1125
1125 679
340 1532
1532 680
340 1722
1722 681
341 1739
1739 682
341 1601
1601 683
342 1825
1825 684
342 1453
1453 685
343 1293
1293 686
343 1457
1457 687
344 1419
1419 688
344 1986
1986 689
345 1384
1384 690
345 1850
1850 691
346 1367
1367 692
346 1917
1917 693
347 1128
1128 694
347 1634
1634 695
348 1975
1975 696
348 1654
1654 697
349 698
349 1167
1167 699
350 1745
1745 700
350 1766
1766 701
351 1811
1811 702
351 1057
1057 703
352 1614
1614 704
352 1502
1502 705
353 1391
1391 706
353 707
354 1472
1472 708
354 1215
1215 709
355 1862
1862 710
355 1353
1353 711
356 1948
1948 712
356 1902
1902 713
357 1965
1965 714
357 1896
1896 715
358 1320
1320 716
358 1479
1479 717
359 1032
1032 718
359 1672
1672 719
360 1155
1155 720
360 1258
1258 721
361 1301
1301 722
361 1182
1182 723
362 1736
1736 724
362 1916
1916 725
363 1459
1459 726
363 1124
1124 727
364 1321
1321 728
364 1519
1519 729
365 1968
1968 730
365 1924
1924 731
366 1978
1978 732
366 1130
1130 733
367 1334
1334 734
367 1559
1559 735
368 1755
1755 736
368 1177
1177 737
369 1422
1422 738
369 1533
1533 739
370 1873
1873 740
370 1093
1093 741
371 1456
1456 742
371 1440
1440 743
372 1312
1312 744
372 1272
1272 745
373 1446
1446 746
373 1310
1310 747
374 1197
1197 748
374 1388
1388 749
375 1817
1817 750
375 2000
2000 751
376 1700
1700 752
376 1508
1508 753
377 1441
1441 754
377 1525
1525 755
378 1431
1431 756
378 1346
1346 757
379 1134
1134 758
379 1819
1819 759
380 1596
1596 760
380 1933
1933 761
381 1877
1877 762
381 1243
1243 763
382 1695
1695 764
382 1189
1189 765
383 1796
1796 766
383 1556
1556 767
384 1964
1964 768
384 1499
1499 769
385 1692
1692 770
385 1251
1251 771
386 1322
1322 772
386 1352
1352 773
387 1884
1884 774
387 1630
1630 775
388 1719
1719 776
388 1806
1806 777
389 1051
1051 778
389 1204
1204 779
390 1317
1317 780
390 1880
1880 781
391 1662
1662 782
391 1967
1967 783
392 1470
1470 784
392 1107
1107 785
393 1349
1349 786
393 1376
1376 787
394 1308
1308 788
394 1357
1357 789
395 1089
1089 790
395 1658
1658 791
396 1940
1940 792
396 1435
1435 793
397 1689
1689 794
397 1172
1172 795
398 1864
1864 796
398 1038
1038 797
399 1577
1577 798
399 1709
1709 799
400 1027
1027 800
400 1374
1374 801
401 1989
1989 802
401 1540
1540 803
402 1281
1281 804
402 1081
1081 805
403 1569
1569 806
403 1966
1966 807
404 1913
1913 808
404 1377
1377 809
405 1328
1328 810
405 1857
1857 811
406 1999
1999 812
406 1563
1563 813
407 1976
1976 814
407 1723
1723 815
408 1793
1793 816
408 1775
1775 817
409 1140
1140 818
409 1103
1103 819
410 1798
1798 820
410 1930
1930 821
411 1291
1291 822
411 1701
1701 823
412 1354
1354 824
412 1025
1025 825
413 1179
1179 826
413 1202
1202 827
414 1078
1078 828
414 1901
1901 829
415 1188
1188 830
415 1702
1702 831
416 1548
1548 832
416 1408
1408 833
417 1665
1665 834
417 1252
1252 835
418 1417
1417 836
418 1186
1186 837
419 1411
1411 838
419 1350
1350 839
420 1064
1064 840
420 1355
1355 841
421 1345
1345 842
421 1053
1053 843
422 1037
1037 844
422 1451
1451 845
423 846
423 1734
1734 847
424 1752
1752 848
424 1897
1897 849
425 1562
1562 850
425 1207
1207 851
426 1219
1219 852
426 1468
1468 853
427 1424
1424 854
427 1340
1340 855
428 1813
1813 856
428 1443
1443 857
429 1076
1076 858
429 1812
1812 859
430 1225
1225 860
430 1476
1476 861
431 1790
1790 862
431 1781
1781 863
432 1036
1036 864
432 1571
1571 865
433 1363
1363 866
433 1060
1060 867
434 1705
1705 868
434 1956
1956 869
435 1570
1570 870
435 1122
1122 871
436 1863
1863 872
436 1050
1050 873
437 874
437 1985
1985 875
438 1869
1869 876
438 1387
1387 877
439 878
439 1604
1604 879
440 1315
1315 880
440 1265
1265 881
441 1909
1909 882
441 1592
1592 883
442 1514
1514 884
442 1144
1144 885
443 1247
1247 886
443 1070
1070 887
444 1785
1785 888
444 1727
1727 889
445 1437
1437 890
445 1454
1454 891
446 1547
1547 892
446 1607
1607 893
447 1366
1366 894
447 895
448 1208
1208 896
448 1645
1645 897
449 1816
1816 898
449 1342
1342 899
450 1394
1394 900
450 1911
1911 901
451 1617
1617 902
451 1860
1860 903
452 1147
1147 904
452 1337
1337 905
453 1935
1935 906
453 1364
1364 907
454 1314
1314 908
454 1192
1192 909
455 1462
1462 910
455 1094
1094 911
456 1162
1162 912
456 1602
1602 913
457 1561
1561 914
457 1892
1892 915
458 1274
1274 916
458 1432
1432 917
459 1674
1674 918
459 1678
1678 919
460 1517
1517 920
460 1687
1687 921
461 1418
1418 922
461 1096
1096 923
462 1620
1620 924
462 1305
1305 925
463 1279
1279 926
463 1505
1505 927
464 1741
1741 928
464 1159
1159 929
465 1513
1513 930
465 1392
1392 931
466 1633
1633 932
466 1834
1834 933
467 1509
1509 934
467 1683
1683 935
468 1713
1713 936
468 1612
1612 937
469 1511
1511 938
469 1170
1170 939
470 1746
1746 940
470 1277
1277 941
471 1835
1835 942
471 1704
1704 943
472 1936
1936 944
472 945
473 1610
1610 946
473 1541
1541 947
474 948
474 1807
1807 949
475 1054
1054 950
475 1287
1287 951
476 1407
1407 952
476 1246
1246 953
477 1711
1711 954
477 955
478 1399
1399 956
478 1855
1855 957
479 1543
1543 958
479 1584
1584 959
480 1991
1991 960
480 1233
1233 961
481 1627
1627 962
481 1234
1234 963
482 1907
1907 964
482 1919
1919 965
483 1242
1242 966
483 1657
1657 967
484 1100
1100 968
484 1960
1960 969
485 1365
1365 970
485 1409
1409 971
486 1447
1447 972
486 1529
1529 973
487 1585
1585 974
487 1868
1868 975
488 1115
1115 976
488 1114
1114 977
489 1490
1490 978
489 1146
1146 979
490 1786
1786 980
490 1044
1044 981
491 982
491 1452
1452 983
492 1839
1839 984
492 1606
1606 985
493 1290
1290 986
493 1428
1428 987
494 988
494 1611
1611 989
495 1656
1656 990
495 1981
1981 991
496 1494
1494 992
496 1522
1522 993
497 1730
1730 994
497 1433
1433 995
498 1712
1712 996
498 1149
1149 997
499 1603
1603 998
499 1583
1583 999
500 1191
1191 1000
500 1157
1157 1001
501 1185
1185 1002
501 1276
1276 1003
502 1004
502 1005
503 1758
1758 1006
503 1126
1126 1007
504 1029
1029 1008
504 1671
1671 1009
505 1091
1091 1010
505 1867
1867 1011
506 1333
1333 1012
506 1852
1852 1013
507 1492
1492 1014
507 1906
1906 1015
508 1597
1597 1016
508 1254
1254 1017
509 1303
1303 1018
509 1644
1644 1019
510 1244
1244 1020
510 1307
1307 1021
511 1623
1623 1022
511 1984
1984 1023
