2000 1999 20
1 1123
1123 2
1 1372
1372 3
2 1273
1273 4
2 1282
1282 5
3 6
3 1142
1142 7
4 1584
1584 8
4 1509
1509 9
5 1628
1628 10
5 1480
1480 11
6 1842
1842 12
6 1688
1688 13
7 1264
1264 14
7 15
8 1623
1623 16
8 1432
1432 17
9 1761
1761 18
9 1764
1764 19
10 1858
1858 20
10 1137
1137 21
11 1450
1450 22
11 1726
1726 23
12 1685
1685 24
12 1159
1159 25
13 1486
1486 26
13 1633
1633 27
14 1323
1323 28
14 1722
1722 29
15 1255
1255 30
15 1456
1456 31
16 1836
1836 32
16 1316
1316 33
17 1784
1784 34
17 1457
1457 35
18 1063
1063 36
18 1638
1638 37
19 1267
1267 38
19 1196
1196 39
20 1065
1065 40
20 1278
1278 41
21 1873
1873 42
21 43
22 1331
1331 44
22 1526
1526 45
23 1263
1263 46
23 1458
1458 47
24 1039
1039 48
24 1809
1809 49
25 1883
1883 50
25 1540
1540 51
26 1929
1929 52
26 1791
1791 53
27 1152
1152 54
27 1846
1846 55
28 1934
1934 56
28 1477
1477 57
29 1469
1469 58
29 1190
1190 59
30 1810
1810 60
30 1197
1197 61
31 1802
1802 62
31 1598
1598 63
32 1543
1543 64
32 1515
1515 65
33 1228
1228 66
33 1473
1473 67
34 1908
1908 68
34 1960
1960 69
35 1981
1981 70
35 1067
1067 71
36 1834
1834 72
36 1871
1871 73
37 1571
1571 74
37 1082
1082 75
38 1415
1415 76
38 1845
1845 77
39 1518
1518 78
39 1801
1801 79
40 1091
1091 80
40 1394
1394 81
41 1779
1779 82
41 1922
1922 83
42 1616
1616 84
42 1358
1358 85
43 1797
1797 86
43 1763
1763 87
44 1574
1574 88
44 1593
1593 89
45 1514
1514 90
45 1617
1617 91
46 1538
1538 92
46 1866
1866 93
47 1832
1832 94
47 1434
1434 95
48 1893
1893 96
48 1306
1306 97
49 1268
1268 98
49 1026
1026 99
50 1046
1046 100
50 1407
1407 101
51 1618
1618 102
51 1084
1084 103
52 1393
1393 104
52 1189
1189 105
53 1727
1727 106
53 1965
1965 107
54 1338
1338 108
54 1624
1624 109
55 1173
1173 110
55 1431
1431 111
56 1164
1164 112
56 1806
1806 113
57 114
57 1165
1165 115
58 1971
1971 116
58 1328
1328 117
59 1293
1293 118
59 1758
1758 119
60 1089
1089 120
60 1983
1983 121
61 1442
1442 122
61 1941
1941 123
62 1739
1739 124
62 1376
1376 125
63 1875
1875 126
63 1242
1242 127
64 1942
1942 128
64 1212
1212 129
65 1312
1312 130
65 1978
1978 131
66 1759
1759 132
66 1703
1703 133
67 1118
1118 134
67 1400
1400 135
68 1544
1544 136
68 1510
1510 137
69 138
69 1931
1931 139
70 1143
1143 140
70 1585
1585 141
71 1169
1169 142
71 1371
1371 143
72 1381
1381 144
72 1957
1957 145
73 1625
1625 146
73 1560
1560 147
74 1772
1772 148
74 1155
1155 149
75 1111
1111 150
75 1203
1203 151
76 1701
1701 152
76 1349
1349 153
77 1220
1220 154
77 1592
1592 155
78 1225
1225 156
78 157
79 1451
1451 158
79 1974
1974 159
80 1789
1789 160
80 1977
1977 161
81 1700
1700 162
81 1062
1062 163
82 1635
1635 164
82 1241
1241 165
83 1861
1861 166
83 1425
1425 167
84 1725
1725 168
84 1335
1335 169
85 1891
1891 170
85 1581
1581 171
86 1570
1570 172
86 1090
1090 173
87 1773
1773 174
87 1058
1058 175
88 1604
1604 176
88 1792
1792 177
89 1711
1711 178
89 1601
1601 179
90 1528
1528 180
90 1309
1309 181
91 1750
1750 182
91 1740
1740 183
92 1547
1547 184
92 1595
1595 185
93 1463
1463 186
93 1603
1603 187
94 1919
1919 188
94 1070
1070 189
95 1525
1525 190
95 1294
1294 191
96 1586
1586 192
96 1647
1647 193
97 1895
1895 194
97 1545
1545 195
98 1811
1811 196
98 1535
1535 197
99 1170
1170 198
99 1437
1437 199
100 1291
1291 200
100 1096
1096 201
101 1405
1405 202
101 203
102 1851
1851 204
102 1658
1658 205
103 1271
1271 206
103 1932
1932 207
104 1527
1527 208
104 1074
1074 209
105 1660
1660 210
105 1887
1887 211
106 1755
1755 212
106 1232
1232 213
107 1049
1049 214
107 1492
1492 215
108 1698
1698 216
108 1804
1804 217
109 1043
1043 218
109 219
110 1334
1334 220
110 1959
1959 221
111 1500
1500 222
111 1128
1128 223
112 1629
1629 224
112 1890
1890 225
113 226
113 1166
1166 227
114 1606
1606 228
114 1619
1619 229
115 1870
1870 230
115 231
116 1436
1436 232
116 1831
1831 233
117 1221
1221 234
117 1607
1607 235
118 1460
1460 236
118 1696
1696 237
119 1192
1192 238
119 1985
1985 239
120 1955
1955 240
120 1163
1163 241
121 1296
1296 242
121 1503
1503 243
122 1301
1301 244
122 1886
1886 245
123 1793
1793 246
123 1906
1906 247
124 1569
1569 248
124 1899
1899 249
125 1926
1926 250
125 251
126 1153
1153 252
126 1856
1856 253
127 254
127 1122
1122 255
128 1336
1336 256
128 1388
1388 257
129 1517
1517 258
129 1127
1127 259
130 1599
1599 260
130 1865
1865 261
131 1109
1109 262
131 1639
1639 263
132 1511
1511 264
132 1564
1564 265
133 1917
1917 266
133 1380
1380 267
134 1476
1476 268
134 1223
1223 269
135 1344
1344 270
135 271
136 1652
1652 272
136 1042
1042 273
137 1945
1945 274
137 1112
1112 275
138 1411
1411 276
138 1923
1923 277
139 1340
1340 278
139 1234
1234 279
140 1158
1158 280
140 1097
1097 281
141 1683
1683 282
141 1401
1401 283
142 1889
1889 284
142 1636
1636 285
143 1546
1546 286
143 1901
1901 287
144 1412
1412 288
144 1231
1231 289
145 1120
1120 290
145 1024
1024 291
146 1161
1161 292
146 1320
1320 293
147 1104
1104 294
147 1368
1368 295
148 1681
1681 296
148 1053
1053 297
149 1270
1270 298
149 1260
1260 299
150 1154
1154 300
150 1274
1274 301
151 1504
1504 302
151 1148
1148 303
152 1108
1108 304
152 1051
1051 305
153 1496
1496 306
153 1304
1304 307
154 1174
1174 308
154 1061
1061 309
155 1728
1728 310
155 1939
1939 311
156 1252
1252 312
156 1869
1869 313
157 1468
1468 314
157 1072
1072 315
158 1824
1824 316
158 1596
1596 317
159 1483
1483 318
159 1399
1399 319
160 1769
1769 320
160 321
161 1687
1687 322
161 1410
1410 323
162 1201
1201 324
162 1395
1395 325
163 1680
1680 326
163 1884
1884 327
164 1347
1347 328
164 1402
1402 329
165 1113
1113 330
165 1133
1133 331
166 1516
1516 332
166 1353
1353 333
167 1868
1868 334
167 1421
1421 335
168 336
168 1879
1879 337
169 1718
1718 338
169 1747
1747 339
170 1136
1136 340
170 1497
1497 341
171 1087
1087 342
171 1290
1290 343
172 1247
1247 344
172 1600
1600 345
173 1188
1188 346
173 1994
1994 347
174 1752
1752 348
174 1975
1975 349
175 1630
1630 350
175 1333
1333 351
176 1343
1343 352
176 1559
1559 353
177 1210
1210 354
177 1612
1612 355
178 1536
1536 356
178 1935
1935 357
179 1318
1318 358
179 1488
1488 359
180 1897
1897 360
180 1429
1429 361
181 1720
1720 362
181 1910
1910 363
182 1033
1033 364
182 1709
1709 365
183 1653
1653 366
183 1080
1080 367
184 1035
1035 368
184 1261
1261 369
185 370
185 1555
1555 371
186 1997
1997 372
186 1286
1286 373
187 374
187 1968
1968 375
188 1605
1605 376
188 1289
1289 377
189 1240
1240 378
189 1427
1427 379
190 1292
1292 380
190 1768
1768 381
191 382
191 383
192 1414
1414 384
192 1513
1513 385
193 1677
1677 386
193 1667
1667 387
194 1850
1850 388
194 1233
1233 389
195 1534
1534 390
195 1966
1966 391
196 1439
1439 392
196 1452
1452 393
197 1775
1775 394
197 1859
1859 395
198 1059
1059 396
198 1030
1030 397
199 1243
1243 398
199 1522
1522 399
200 1226
1226 400
200 1449
1449 401
201 1900
1900 402
201 1697
1697 403
202 1047
1047 404
202 1215
1215 405
203 1920
1920 406
203 1735
1735 407
204 1777
1777 408
204 1958
1958 409
205 1114
1114 410
205 411
206 1378
1378 412
206 1621
1621 413
207 1572
1572 414
207 1493
1493 415
208 1057
1057 416
208 1227
1227 417
209 1928
1928 418
209 1079
1079 419
210 1034
1034 420
210 1557
1557 421
211 1693
1693 422
211 1135
1135 423
212 1896
1896 424
212 1614
1614 425
213 426
213 1609
1609 427
214 1081
1081 428
214 1951
1951 429
215 1397
1397 430
215 1588
1588 431
216 1352
1352 432
216 1266
1266 433
217 1200
1200 434
217 1675
1675 435
218 1124
1124 436
218 1732
1732 437
219 1529
1529 438
219 1406
1406 439
220 1180
1180 440
220 1650
1650 441
221 1970
1970 442
221 1760
1760 443
222 1523
1523 444
222 1284
1284 445
223 1465
1465 446
223 1470
1470 447
224 1682
1682 448
224 1183
1183 449
225 1357
1357 450
225 1719
1719 451
226 1257
1257 452
226 1494
1494 453
227 1502
1502 454
227 1812
1812 455
228 1561
1561 456
228 1520
1520 457
229 1898
1898 458
229 1672
1672 459
230 1796
1796 460
230 1032
1032 461
231 1756
1756 462
231 1583
1583 463
232 1839
1839 464
232 1766
1766 465
233 1350
1350 466
233 1193
1193 467
234 1914
1914 468
234 1040
1040 469
235 1907
1907 470
235 1691
1691 471
236 1156
1156 472
236 1678
1678 473
237 1489
1489 474
237 1566
1566 475
238 1912
1912 476
238 1659
1659 477
239 1713
1713 478
239 1794
1794 479
240 1882
1882 480
240 1146
1146 481
241 482
241 1567
1567 483
242 1355
1355 484
242 1179
1179 485
243 1367
1367 486
243 1710
1710 487
244 1798
1798 488
244 1055
1055 489
245 1269
1269 490
245 1115
1115 491
246 1746
1746 492
246 1259
1259 493
247 1878
1878 494
247 1121
1121 495
248 1299
1299 496
248 1474
1474 497
249 1881
1881 498
249 1530
1530 499
250 1075
1075 500
250 1996
1996 501
251 1506
1506 502
251 1184
1184 503
252 1743
1743 504
252 1933
1933 505
253 1943
1943 506
253 1587
1587 507
254 1472
1472 508
254 1418
1418 509
255 1578
1578 510
255 1549
1549 511
256 1542
1542 512
256 1947
1947 513
257 1314
1314 514
257 1322
1322 515
258 1930
1930 516
258 1730
1730 517
259 1877
1877 518
259 1217
1217 519
260 1404
1404 520
260 1194
1194 521
261 1854
1854 522
261 1303
1303 523
262 1150
1150 524
262 1499
1499 525
263 1953
1953 526
263 1354
1354 527
264 1178
1178 528
264 1640
1640 529
265 1116
1116 530
265 1206
1206 531
266 1505
1505 532
266 1857
1857 533
267 1066
1066 534
267 1562
1562 535
268 1788
1788 536
268 1992
1992 537
269 1364
1364 538
269 1787
1787 539
270 1699
1699 540
270 1459
1459 541
271 1054
1054 542
271 1389
1389 543
272 1073
1073 544
272 1235
1235 545
273 1308
1308 546
273 1949
1949 547
274 1704
1704 548
274 1531
1531 549
275 1157
1157 550
275 1655
1655 551
276 1346
1346 552
276 1484
1484 553
277 1262
1262 554
277 1821
1821 555
278 1885
1885 556
278 1041
1041 557
279 1816
1816 558
279 1208
1208 559
280 1198
1198 560
280 1979
1979 561
281 1403
1403 562
281 1552
1552 563
282 1455
1455 564
282 1236
1236 565
283 1716
1716 566
283 1464
1464 567
284 1774
1774 568
284 569
285 1927
1927 570
285 1373
1373 571
286 1553
1553 572
286 573
287 574
287 1611
1611 575
288 1715
1715 576
288 1512
1512 577
289 1840
1840 578
289 1830
1830 579
290 1036
1036 580
290 1224
1224 581
291 1860
1860 582
291 1105
1105 583
292 1390
1390 584
292 1487
1487 585
293 1171
1171 586
293 587
294 1973
1973 588
294 1302
1302 589
295 1361
1361 590
295 2000
2000 591
296 1818
1818 592
296 1168
1168 593
297 1991
1991 594
297 1317
1317 595
298 1820
1820 596
298 1999
1999 597
299 1673
1673 598
299 1905
1905 599
300 1276
1276 600
300 1918
1918 601
301 1383
1383 602
301 1175
1175 603
302 1311
1311 604
302 1651
1651 605
303 1466
1466 606
303 1329
1329 607
304 1778
1778 608
304 1694
1694 609
305 1250
1250 610
305 1441
1441 611
306 1664
1664 612
306 1319
1319 613
307 1946
1946 614
307 1627
1627 615
308 616
308 1733
1733 617
309 1392
1392 618
309 1819
1819 619
310 1841
1841 620
310 1872
1872 621
311 1987
1987 622
311 1853
1853 623
312 624
312 1141
1141 625
313 1864
1864 626
313 1363
1363 627
314 1962
1962 628
314 1384
1384 629
315 1961
1961 630
315 1423
1423 631
316 1731
1731 632
316 1781
1781 633
317 1330
1330 634
317 1916
1916 635
318 1602
1602 636
318 1285
1285 637
319 1692
1692 638
319 1351
1351 639
320 1490
1490 640
320 1837
1837 641
321 1052
1052 642
321 1185
1185 643
322 1107
1107 644
322 1498
1498 645
323 1575
1575 646
323 1911
1911 647
324 1745
1745 648
324 1281
1281 649
325 1092
1092 650
325 1565
1565 651
326 1967
1967 652
326 1341
1341 653
327 1989
1989 654
327 1251
1251 655
328 656
328 1950
1950 657
329 1446
1446 658
329 1258
1258 659
330 1714
1714 660
330 1379
1379 661
331 1218
1218 662
331 1662
1662 663
332 1327
1327 664
332 1426
1426 665
333 1705
1705 666
333 1563
1563 667
334 1387
1387 668
334 1597
1597 669
335 1880
1880 670
335 1297
1297 671
336 1076
1076 672
336 1656
1656 673
337 1734
1734 674
337 675
338 1253
1253 676
338 1790
1790 677
339 1852
1852 678
339 1913
1913 679
340 1803
1803 680
340 1103
1103 681
341 682
341 1533
1533 683
342 1191
1191 684
342 1644
1644 685
343 1568
1568 686
343 1131
1131 687
344 1339
1339 688
344 1151
1151 689
345 1098
1098 690
345 1359
1359 691
346 1287
1287 692
346 1744
1744 693
347 1786
1786 694
347 1149
1149 695
348 1980
1980 696
348 1443
1443 697
349 1275
1275 698
349 1315
1315 699
350 1814
1814 700
350 1976
1976 701
351 1736
1736 702
351 1391
1391 703
352 1229
1229 704
352 1894
1894 705
353 1847
1847 706
353 1433
1433 707
354 1679
1679 708
354 1669
1669 709
355 1828
1828 710
355 1144
1144 711
356 712
356 1671
1671 713
357 1998
1998 714
357 1909
1909 715
358 1064
1064 716
358 1138
1138 717
359 1298
1298 718
359 1654
1654 719
360 1356
1356 720
360 1050
1050 721
361 1684
1684 722
361 1843
1843 723
362 724
362 1088
1088 725
363 1645
1645 726
363 1244
1244 727
364 1808
1808 728
364 1591
1591 729
365 1620
1620 730
365 1101
1101 731
366 1825
1825 732
366 1167
1167 733
367 1288
1288 734
367 1641
1641 735
368 1690
1690 736
368 1626
1626 737
369 1199
1199 738
369 1216
1216 739
370 1056
1056 740
370 1822
1822 741
371 1590
1590 742
371 1214
1214 743
372 1706
1706 744
372 1417
1417 745
373 1068
1068 746
373 1689
1689 747
374 1396
1396 748
374 1940
1940 749
375 1326
1326 750
375 1479
1479 751
376 1754
1754 752
376 1202
1202 753
377 1757
1757 754
377 1239
1239 755
378 1805
1805 756
378 1069
1069 757
379 1117
1117 758
379 1776
1776 759
380 1207
1207 760
380 1993
1993 761
381 1305
1305 762
381 1780
1780 763
382 1753
1753 764
382 1995
1995 765
383 1071
1071 766
383 1988
1988 767
384 768
384 1823
1823 769
385 1938
1938 770
385 1676
1676 771
386 1648
1648 772
386 773
387 1742
1742 774
387 1195
1195 775
388 1838
1838 776
388 1485
1485 777
389 778
389 1537
1537 779
390 1129
1129 780
390 1186
1186 781
391 1300
1300 782
391 783
392 1332
1332 784
392 1799
1799 785
393 1430
1430 786
393 1508
1508 787
394 788
394 1280
1280 789
395 1172
1172 790
395 1028
1028 791
396 792
396 1904
1904 793
397 794
397 1037
1037 795
398 1048
1048 796
398 1903
1903 797
399 1944
1944 798
399 1209
1209 799
400 1177
1177 800
400 1674
1674 801
401 1409
1409 802
401 1025
1025 803
402 1132
1132 804
402 1310
1310 805
403 1815
1815 806
403 1337
1337 807
404 1027
1027 808
404 1279
1279 809
405 1800
1800 810
405 1176
1176 811
406 1969
1969 812
406 1915
1915 813
407 1440
1440 814
407 1160
1160 815
408 1589
1589 816
408 1377
1377 817
409 1126
1126 818
409 1550
1550 819
410 1182
1182 820
410 1295
1295 821
411 1085
1085 822
411 1663
1663 823
412 1963
1963 824
412 1972
1972 825
413 1365
1365 826
413 1661
1661 827
414 1833
1833 828
414 1892
1892 829
415 1102
1102 830
415 1712
1712 831
416 1038
1038 832
416 1416
1416 833
417 1495
1495 834
417 1582
1582 835
418 1219
1219 836
418 837
419 1925
1925 838
419 1238
1238 839
420 1888
1888 840
420 1370
1370 841
421 1826
1826 842
421 1632
1632 843
422 1045
1045 844
422 1702
1702 845
423 1771
1771 846
423 1952
1952 847
424 1723
1723 848
424 1751
1751 849
425 1657
1657 850
425 1844
1844 851
426 1246
1246 852
426 1541
1541 853
427 1428
1428 854
427 1445
1445 855
428 1835
1835 856
428 1634
1634 857
429 1256
1256 858
429 1413
1413 859
430 1424
1424 860
430 1448
1448 861
431 1813
1813 862
431 1990
1990 863
432 1862
1862 864
432 1649
1649 865
433 1362
1362 866
433 1741
1741 867
434 1147
1147 868
434 1044
1044 869
435 1936
1936 870
435 1491
1491 871
436 1548
1548 872
436 1398
1398 873
437 1187
1187 874
437 1408
1408 875
438 1205
1205 876
438 1438
1438 877
439 1807
1807 878
439 1106
1106 879
440 1321
1321 880
440 1521
1521 881
441 1686
1686 882
441 1532
1532 883
442 1475
1475 884
442 1984
1984 885
443 1083
1083 886
443 1086
1086 887
444 1729
1729 888
444 1265
1265 889
445 1738
1738 890
445 1708
1708 891
446 1277
1277 892
446 1060
1060 893
447 1921
1921 894
447 1078
1078 895
448 1125
1125 896
448 1948
1948 897
449 1829
1829 898
449 1099
1099 899
450 1524
1524 900
450 1631
1631 901
451 1162
1162 902
451 1507
1507 903
452 1366
1366 904
452 1817
1817 905
453 1982
1982 906
453 1345
1345 907
454 1454
1454 908
454 1095
1095 909
455 1211
1211 910
455 1937
1937 911
456 1770
1770 912
456 1230
1230 913
457 1077
1077 914
457 1668
1668 915
458 1855
1855 916
458 1551
1551 917
459 1519
1519 918
459 1849
1849 919
460 1213
1213 920
460 1827
1827 921
461 1140
1140 922
461 1369
1369 923
462 1420
1420 924
462 925
463 1576
1576 926
463 1435
1435 927
464 1615
1615 928
464 1954
1954 929
465 1461
1461 930
465 1307
1307 931
466 1478
1478 932
466 1876
1876 933
467 1447
1447 934
467 1765
1765 935
468 1272
1272 936
468 1867
1867 937
469 1254
1254 938
469 939
470 1481
1481 940
470 1360
1360 941
471 1594
1594 942
471 1848
1848 943
472 1093
1093 944
472 1608
1608 945
473 1577
1577 946
473 1130
1130 947
474 1782
1782 948
474 1795
1795 949
475 1249
1249 950
475 1724
1724 951
476 1119
1119 952
476 1462
1462 953
477 1670
1670 954
477 1467
1467 955
478 1721
1721 956
478 1695
1695 957
479 1863
1863 958
479 1453
1453 959
480 1110
1110 960
480 1482
1482 961
481 1386
1386 962
481 1139
1139 963
482 1283
1283 964
482 1643
1643 965
483 1579
1579 966
483 1248
1248 967
484 1964
1964 968
484 1134
1134 969
485 1094
1094 970
485 1902
1902 971
486 1748
1748 972
486 1204
1204 973
487 1471
1471 974
487 1342
1342 975
488 1145
1145 976
488 977
489 1737
1737 978
489 1237
1237 979
490 1573
1573 980
490 1325
1325 981
491 1613
1613 982
491 1419
1419 983
492 1665
1665 984
492 1501
1501 985
493 1385
1385 986
493 1375
1375 987
494 1762
1762 988
494 1348
1348 989
495 1181
1181 990
495 1767
1767 991
496 1717
1717 992
496 1222
1222 993
497 1245
1245 994
497 1637
1637 995
498 1554
1554 996
498 1374
1374 997
499 1382
1382 998
499 1646
1646 999
500 1556
1556 1000
500 1666
1666 1001
501 1558
1558 1002
501 1422
1422 1003
502 1313
1313 1004
502 1749
1749 1005
503 1783
1783 1006
503 1029
1029 1007
504 1100
1100 1008
504 1956
1956 1009
505 1324
1324 1010
505 1642
1642 1011
506 1610
1610 1012
506 1539
1539 1013
507 1031
1031 1014
507 1986
1986 1015
508 1016
508 1874
1874 1017
509 1707
1707 1018
509 1785
1785 1019
510 1580
1580 1020
510 1924
1924 1021
511 1622
1622 1022
511 1444
1444 1023
