2000 1999 20
1 1544
1544 2
1 1369
1369 3
2 1596
1596 4
2 1889
1889 5
3 1063
1063 6
3 7
4 1903
1903 8
4 1842
1842 9
5 1126
1126 10
5 1344
1344 11
6 1197
1197 12
6 1089
1089 13
7 1627
1627 14
7 1423
1423 15
8 1385
1385 16
8 1839
1839 17
9 1433
1433 18
9 1940
1940 19
10 1852
1852 20
10 1573
1573 21
11 1968
1968 22
11 1411
1411 23
12 24
12 1250
1250 25
13 1597
1597 26
13 1269
1269 27
14 1920
1920 28
14 1437
1437 29
15 1777
1777 30
15 1159
1159 31
16 1394
1394 32
16 1672
1672 33
17 1103
1103 34
17 1276
1276 35
18 1888
1888 36
18 37
19 1554
1554 38
19 1199
1199 39
20 1139
1139 40
20 1095
1095 41
21 1152
1152 42
21 1898
1898 43
22 1817
1817 44
22 1851
1851 45
23 1268
1268 46
23 1248
1248 47
24 1607
1607 48
24 1231
1231 49
25 1957
1957 50
25 1195
1195 51
26 1909
1909 52
26 1963
1963 53
27 1213
1213 54
27 1918
1918 55
28 1712
1712 56
28 1495
1495 57
29 1645
1645 58
29 1391
1391 59
30 1291
1291 60
30 1180
1180 61
31 1468
1468 62
31 63
32 1207
1207 64
32 1415
1415 65
33 1593
1593 66
33 1119
1119 67
34 1863
1863 68
34 1295
1295 69
35 1349
1349 70
35 1662
1662 71
36 1646
1646 72
36 1482
1482 73
37 1166
1166 74
37 1743
1743 75
38 1403
1403 76
38 1465
1465 77
39 1306
1306 78
39 1913
1913 79
40 1128
1128 80
40 1824
1824 81
41 1494
1494 82
41 1226
1226 83
42 1348
1348 84
42 1594
1594 85
43 1565
1565 86
43 1188
1188 87
44 1350
1350 88
44 1148
1148 89
45 1503
1503 90
45 1779
1779 91
46 1877
1877 92
46 1414
1414 93
47 1239
1239 94
47 1488
1488 95
48 1619
1619 96
48 1915
1915 97
49 1843
1843 98
49 1301
1301 99
50 1309
1309 100
50 1523
1523 101
51 1994
1994 102
51 1568
1568 103
52 1778
1778 104
52 1966
1966 105
53 1978
1978 106
53 1985
1985 107
54 1811
1811 108
54 1818
1818 109
55 1653
1653 110
55 111
56 1464
1464 112
56 1605
1605 113
57 1617
1617 114
57 1525
1525 115
58 1080
1080 116
58 1516
1516 117
59 1528
1528 118
59 1333
1333 119
60 120
60 1323
1323 121
61 1561
1561 122
61 1116
1116 123
62 1721
1721 124
62 1484
1484 125
63 1364
1364 126
63 1738
1738 127
64 1833
1833 128
64 129
65 1336
1336 130
65 1473
1473 131
66 1173
1173 132
66 1045
1045 133
67 1110
1110 134
67 1144
1144 135
68 1287
1287 136
68 137
69 1454
1454 138
69 139
70 1939
1939 140
70 1616
1616 141
71 1172
1172 142
71 1077
1077 143
72 1750
1750 144
72 1834
1834 145
73 1794
1794 146
73 147
74 1280
1280 148
74 1759
1759 149
75 1096
1096 150
75 1800
1800 151
76 1682
1682 152
76 1375
1375 153
77 1772
1772 154
77 1398
1398 155
78 1257
1257 156
78 1520
1520 157
79 1120
1120 158
79 1347
1347 159
80 1739
1739 160
80 1563
1563 161
81 1872
1872 162
81 1938
1938 163
82 1745
1745 164
82 1515
1515 165
83 1975
1975 166
83 1894
1894 167
84 1941
1941 168
84 1816
1816 169
85 170
85 1557
1557 171
86 1673
1673 172
86 1067
1067 173
87 1555
1555 174
87 1647
1647 175
88 1905
1905 176
88 1441
1441 177
89 1165
1165 178
89 1341
1341 179
90 1029
1029 180
90 1059
1059 181
91 1579
1579 182
91 1665
1665 183
92 1587
1587 184
92 1470
1470 185
93 1566
1566 186
93 1649
1649 187
94 1121
1121 188
94 1679
1679 189
95 1168
1168 190
95 1959
1959 191
96 1588
1588 192
96 1038
1038 193
97 1460
1460 194
97 1196
1196 195
98 196
98 1513
1513 197
99 1875
1875 198
99 1446
1446 199
100 1357
1357 200
100 1418
1418 201
101 1395
1395 202
101 1666
1666 203
102 1143
1143 204
102 1685
1685 205
103 1526
1526 206
103 1427
1427 207
104 1823
1823 208
104 209
105 1074
1074 210
105 1973
1973 211
106 1479
1479 212
106 1527
1527 213
107 1612
1612 214
107 1982
1982 215
108 1552
1552 216
108 1711
1711 217
109 1948
1948 218
109 1409
1409 219
110 1562
1562 220
110 221
111 1808
1808 222
111 1531
1531 223
112 1387
1387 224
112 1136
1136 225
113 1726
1726 226
113 1806
1806 227
114 1748
1748 228
114 1956
1956 229
115 1214
1214 230
115 1190
1190 231
116 1974
1974 232
116 1312
1312 233
117 1837
1837 234
117 1532
1532 235
118 1715
1715 236
118 1435
1435 237
119 1953
1953 238
119 1149
1149 239
120 1204
1204 240
120 1314
1314 241
121 1317
1317 242
121 1284
1284 243
122 1595
1595 244
122 1714
1714 245
123 1789
1789 246
123 1710
1710 247
124 1417
1417 248
124 1992
1992 249
125 1914
1914 250
125 1371
1371 251
126 1142
1142 252
126 1615
1615 253
127 1524
1524 254
127 1804
1804 255
128 1775
1775 256
128 1954
1954 257
129 1533
1533 258
129 1608
1608 259
130 1373
1373 260
130 1788
1788 261
131 1575
1575 262
131 1230
1230 263
132 1497
1497 264
132 1916
1916 265
133 266
133 1498
1498 267
134 1584
1584 268
134 1737
1737 269
135 1122
1122 270
135 1025
1025 271
136 1053
1053 272
136 1976
1976 273
137 274
137 1051
1051 275
138 1432
1432 276
138 1796
1796 277
139 1253
1253 278
139 1263
1263 279
140 1402
1402 280
140 1668
1668 281
141 1895
1895 282
141 1419
1419 283
142 1293
1293 284
142 1502
1502 285
143 1219
1219 286
143 1553
1553 287
144 1763
1763 288
144 2000
2000 289
145 1585
1585 290
145 1407
1407 291
146 1027
1027 292
146 1061
1061 293
147 1917
1917 294
147 1410
1410 295
148 1768
1768 296
148 1039
1039 297
149 298
149 1548
1548 299
150 1535
1535 300
150 1261
1261 301
151 1448
1448 302
151 1547
1547 303
152 1861
1861 304
152 1728
1728 305
153 1571
1571 306
153 1094
1094 307
154 1709
1709 308
154 1643
1643 309
155 1491
1491 310
155 1283
1283 311
156 1955
1955 312
156 1583
1583 313
157 1303
1303 314
157 1633
1633 315
158 1097
1097 316
158 1033
1033 317
159 1194
1194 318
159 1529
1529 319
160 1160
1160 320
160 1483
1483 321
161 1578
1578 322
161 1921
1921 323
162 1945
1945 324
162 1404
1404 325
163 326
163 1024
1024 327
164 1798
1798 328
164 1832
1832 329
165 1629
1629 330
165 1481
1481 331
166 1701
1701 332
166 1857
1857 333
167 1807
1807 334
167 1723
1723 335
168 336
168 1206
1206 337
169 1972
1972 338
169 1601
1601 339
170 1860
1860 340
170 1092
1092 341
171 1725
1725 342
171 1300
1300 343
172 1599
1599 344
172 1840
1840 345
173 1650
1650 346
173 1926
1926 347
174 1813
1813 348
174 1307
1307 349
175 1537
1537 350
175 1776
1776 351
176 1697
1697 352
176 1862
1862 353
177 1449
1449 354
177 1329
1329 355
178 1489
1489 356
178 1175
1175 357
179 1170
1170 358
179 1358
1358 359
180 1782
1782 360
180 361
181 1580
1580 362
181 1383
1383 363
182 1987
1987 364
182 1267
1267 365
183 1931
1931 366
183 1457
1457 367
184 1907
1907 368
184 1866
1866 369
185 1600
1600 370
185 1056
1056 371
186 1471
1471 372
186 1062
1062 373
187 1474
1474 374
187 1237
1237 375
188 1439
1439 376
188 1255
1255 377
189 1282
1282 378
189 1487
1487 379
190 1758
1758 380
190 1795
1795 381
191 1514
1514 382
191 1339
1339 383
192 1892
1892 384
192 1490
1490 385
193 1272
1272 386
193 1218
1218 387
194 1733
1733 388
194 1167
1167 389
195 1933
1933 390
195 1365
1365 391
196 1989
1989 392
196 1380
1380 393
197 1995
1995 394
197 1070
1070 395
198 1678
1678 396
198 397
199 1692
1692 398
199 1901
1901 399
200 1046
1046 400
200 1900
1900 401
201 1655
1655 402
201 1071
1071 403
202 1722
1722 404
202 1659
1659 405
203 1783
1783 406
203 1536
1536 407
204 1429
1429 408
204 1036
1036 409
205 1581
1581 410
205 1522
1522 411
206 1864
1864 412
206 1262
1262 413
207 1962
1962 414
207 415
208 1703
1703 416
208 1215
1215 417
209 1836
1836 418
209 1719
1719 419
210 1859
1859 420
210 1198
1198 421
211 1603
1603 422
211 1952
1952 423
212 424
212 1401
1401 425
213 426
213 1311
1311 427
214 1389
1389 428
214 1762
1762 429
215 1102
1102 430
215 1810
1810 431
216 1896
1896 432
216 1735
1735 433
217 1880
1880 434
217 1694
1694 435
218 1105
1105 436
218 1919
1919 437
219 1540
1540 438
219 1684
1684 439
220 1183
1183 440
220 1169
1169 441
221 1742
1742 442
221 1461
1461 443
222 1161
1161 444
222 1305
1305 445
223 1747
1747 446
223 1937
1937 447
224 1586
1586 448
224 1637
1637 449
225 1440
1440 450
225 1138
1138 451
226 1930
1930 452
226 1220
1220 453
227 1076
1076 454
227 1075
1075 455
228 1577
1577 456
228 1887
1887 457
229 458
229 1416
1416 459
230 1564
1564 460
230 1229
1229 461
231 1286
1286 462
231 1878
1878 463
232 1117
1117 464
232 1873
1873 465
233 1326
1326 466
233 1740
1740 467
234 1235
1235 468
234 1500
1500 469
235 1496
1496 470
235 1246
1246 471
236 1315
1315 472
236 1236
1236 473
237 1242
1242 474
237 1342
1342 475
238 1610
1610 476
238 1786
1786 477
239 1902
1902 478
239 1486
1486 479
240 1318
1318 480
240 1621
1621 481
241 1044
1044 482
241 1324
1324 483
242 1177
1177 484
242 1950
1950 485
243 1379
1379 486
243 1687
1687 487
244 1041
1041 488
244 1812
1812 489
245 1297
1297 490
245 491
246 1828
1828 492
246 1278
1278 493
247 1081
1081 494
247 1296
1296 495
248 1233
1233 496
248 1625
1625 497
249 1613
1613 498
249 1501
1501 499
250 1549
1549 500
250 1606
1606 501
251 1681
1681 502
251 1869
1869 503
252 504
252 1355
1355 505
253 1178
1178 506
253 1991
1991 507
254 1868
1868 508
254 1630
1630 509
255 1802
1802 510
255 1932
1932 511
256 1400
1400 512
256 1736
1736 513
257 1310
1310 514
257 1890
1890 515
258 1456
1456 516
258 1285
1285 517
259 1037
1037 518
259 1883
1883 519
260 1636
1636 520
260 1181
1181 521
261 1922
1922 522
261 1279
1279 523
262 1698
1698 524
262 1256
1256 525
263 1202
1202 526
263 527
264 1936
1936 528
264 1450
1450 529
265 1108
1108 530
265 1893
1893 531
266 1541
1541 532
266 1225
1225 533
267 1980
1980 534
267 1686
1686 535
268 1346
1346 536
268 1729
1729 537
269 1154
1154 538
269 539
270 1101
1101 540
270 1998
1998 541
271 1444
1444 542
271 1251
1251 543
272 1793
1793 544
272 1466
1466 545
273 1193
1193 546
273 547
274 1055
1055 548
274 1660
1660 549
275 1509
1509 550
275 1784
1784 551
276 1327
1327 552
276 1265
1265 553
277 1442
1442 554
277 1040
1040 555
278 1455
1455 556
278 1518
1518 557
279 1298
1298 558
279 1031
1031 559
280 1384
1384 560
280 1791
1791 561
281 1378
1378 562
281 1858
1858 563
282 1820
1820 564
282 1354
1354 565
283 1452
1452 566
283 1829
1829 567
284 568
284 1622
1622 569
285 1657
1657 570
285 1223
1223 571
286 1696
1696 572
286 1559
1559 573
287 1393
1393 574
287 1592
1592 575
288 1209
1209 576
288 1163
1163 577
289 1688
1688 578
289 579
290 1302
1302 580
290 581
291 1624
1624 582
291 1289
1289 583
292 1706
1706 584
292 1098
1098 585
293 1134
1134 586
293 1644
1644 587
294 1319
1319 588
294 1436
1436 589
295 1431
1431 590
295 1704
1704 591
296 1469
1469 592
296 1551
1551 593
297 1680
1680 594
297 1264
1264 595
298 596
298 1386
1386 597
299 1374
1374 598
299 1271
1271 599
300 1949
1949 600
300 1382
1382 601
301 1028
1028 602
301 1224
1224 603
302 1281
1281 604
302 1381
1381 605
303 1970
1970 606
303 1360
1360 607
304 1363
1363 608
304 1299
1299 609
305 1100
1100 610
305 1273
1273 611
306 1201
1201 612
306 1443
1443 613
307 1343
1343 614
307 1884
1884 615
308 1631
1631 616
308 1560
1560 617
309 1240
1240 618
309 1965
1965 619
310 1208
1208 620
310 1125
1125 621
311 1979
1979 622
311 1632
1632 623
312 1390
1390 624
312 1050
1050 625
313 1511
1511 626
313 1550
1550 627
314 1623
1623 628
314 1556
1556 629
315 1118
1118 630
315 1856
1856 631
316 1891
1891 632
316 1781
1781 633
317 1335
1335 634
317 1652
1652 635
318 1693
1693 636
318 1598
1598 637
319 1270
1270 638
319 1519
1519 639
320 1082
1082 640
320 1699
1699 641
321 1958
1958 642
321 1780
1780 643
322 1058
1058 644
322 1848
1848 645
323 1741
1741 646
323 1453
1453 647
324 1187
1187 648
324 1935
1935 649
325 1462
1462 650
325 1421
1421 651
326 1677
1677 652
326 1356
1356 653
327 1259
1259 654
327 1853
1853 655
328 1929
1929 656
328 1322
1322 657
329 1048
1048 658
329 1260
1260 659
330 1651
1651 660
330 1392
1392 661
331 1247
1247 662
331 1734
1734 663
332 1184
1184 664
332 1732
1732 665
333 1406
1406 666
333 1420
1420 667
334 1635
1635 668
334 1069
1069 669
335 1801
1801 670
335 1590
1590 671
336 1846
1846 672
336 1499
1499 673
337 1340
1340 674
337 1243
1243 675
338 1705
1705 676
338 1292
1292 677
339 1352
1352 678
339 1927
1927 679
340 1331
1331 680
340 1999
1999 681
341 1304
1304 682
341 1934
1934 683
342 684
342 685
343 1977
1977 686
343 1294
1294 687
344 1430
1430 688
344 1803
1803 689
345 1057
1057 690
345 1109
1109 691
346 1654
1654 692
346 1176
1176 693
347 1912
1912 694
347 1104
1104 695
348 1137
1137 696
348 1639
1639 697
349 1674
1674 698
349 1408
1408 699
350 1345
1345 700
350 1702
1702 701
351 1073
1073 702
351 1316
1316 703
352 1609
1609 704
352 1611
1611 705
353 1447
1447 706
353 1724
1724 707
354 1821
1821 708
354 1463
1463 709
355 1844
1844 710
355 1538
1538 711
356 1123
1123 712
356 1717
1717 713
357 1546
1546 714
357 1217
1217 715
358 1542
1542 716
358 1277
1277 717
359 1156
1156 718
359 1112
1112 719
360 1179
1179 720
360 1881
1881 721
361 1720
1720 722
361 1886
1886 723
362 1147
1147 724
362 1874
1874 725
363 1960
1960 726
363 1539
1539 727
364 1093
1093 728
364 1068
1068 729
365 1827
1827 730
365 1545
1545 731
366 1388
1388 732
366 1849
1849 733
367 1140
1140 734
367 1451
1451 735
368 736
368 1805
1805 737
369 1634
1634 738
369 1124
1124 739
370 1377
1377 740
370 1667
1667 741
371 1755
1755 742
371 1908
1908 743
372 1504
1504 744
372 1757
1757 745
373 1241
1241 746
373 1766
1766 747
374 1850
1850 748
374 1570
1570 749
375 1986
1986 750
375 1362
1362 751
376 1641
1641 752
376 1351
1351 753
377 1792
1792 754
377 1244
1244 755
378 1145
1145 756
378 1582
1582 757
379 1111
1111 758
379 1445
1445 759
380 1855
1855 760
380 761
381 1228
1228 762
381 1412
1412 763
382 1203
1203 764
382 1897
1897 765
383 1753
1753 766
383 1947
1947 767
384 1569
1569 768
384 1512
1512 769
385 1266
1266 770
385 771
386 1510
1510 772
386 1771
1771 773
387 1663
1663 774
387 1047
1047 775
388 1290
1290 776
388 1467
1467 777
389 1135
1135 778
389 1151
1151 779
390 1127
1127 780
390 1746
1746 781
391 782
391 1413
1413 783
392 1054
1054 784
392 1943
1943 785
393 1838
1838 786
393 1876
1876 787
394 1274
1274 788
394 1211
1211 789
395 1106
1106 790
395 1773
1773 791
396 1458
1458 792
396 1574
1574 793
397 1567
1567 794
397 1114
1114 795
398 1990
1990 796
398 1967
1967 797
399 1328
1328 798
399 1191
1191 799
400 1064
1064 800
400 1505
1505 801
401 1885
1885 802
401 1325
1325 803
402 1438
1438 804
402 1227
1227 805
403 1675
1675 806
403 1656
1656 807
404 1182
1182 808
404 1186
1186 809
405 1589
1589 810
405 1088
1088 811
406 1867
1867 812
406 1787
1787 813
407 814
407 1769
1769 815
408 1155
1155 816
408 1338
1338 817
409 1372
1372 818
409 1534
1534 819
410 1397
1397 820
410 1480
1480 821
411 1162
1162 822
411 1761
1761 823
412 1212
1212 824
412 1032
1032 825
413 1691
1691 826
413 1854
1854 827
414 1258
1258 828
414 1234
1234 829
415 1984
1984 830
415 1971
1971 831
416 1320
1320 832
416 1983
1983 833
417 1591
1591 834
417 1141
1141 835
418 1353
1353 836
418 1988
1988 837
419 1730
1730 838
419 1034
1034 839
420 1085
1085 840
420 1066
1066 841
421 1485
1485 842
421 1030
1030 843
422 1459
1459 844
422 1997
1997 845
423 1091
1091 846
423 1871
1871 847
424 1396
1396 848
424 1399
1399 849
425 1185
1185 850
425 1530
1530 851
426 1035
1035 852
426 1086
1086 853
427 854
427 1815
1815 855
428 1334
1334 856
428 1911
1911 857
429 1831
1831 858
429 1337
1337 859
430 1107
1107 860
430 1865
1865 861
431 1210
1210 862
431 1164
1164 863
432 1087
1087 864
432 1923
1923 865
433 1131
1131 866
433 1790
1790 867
434 868
434 1113
1113 869
435 1764
1764 870
435 1882
1882 871
436 1690
1690 872
436 1826
1826 873
437 1904
1904 874
437 1924
1924 875
438 1700
1700 876
438 1083
1083 877
439 1370
1370 878
439 1648
1648 879
440 1428
1428 880
440 1602
1602 881
441 1683
1683 882
441 1969
1969 883
442 1133
1133 884
442 1216
1216 885
443 1288
1288 886
443 1332
1332 887
444 1785
1785 888
444 1658
1658 889
445 1090
1090 890
445 1174
1174 891
446 1799
1799 892
446 1628
1628 893
447 1508
1508 894
447 1476
1476 895
448 1961
1961 896
448 1671
1671 897
449 1825
1825 898
449 1604
1604 899
450 1517
1517 900
450 1879
1879 901
451 1368
1368 902
451 1506
1506 903
452 1252
1252 904
452 1718
1718 905
453 1078
1078 906
453 1626
1626 907
454 1493
1493 908
454 1716
1716 909
455 1115
1115 910
455 1744
1744 911
456 1770
1770 912
456 1367
1367 913
457 1708
1708 914
457 1434
1434 915
458 1521
1521 916
458 1964
1964 917
459 1749
1749 918
459 1620
1620 919
460 1774
1774 920
460 1944
1944 921
461 1321
1321 922
461 1942
1942 923
462 1996
1996 924
462 1835
1835 925
463 1695
1695 926
463 1405
1405 927
464 1731
1731 928
464 1664
1664 929
465 1158
1158 930
465 1727
1727 931
466 1205
1205 932
466 1870
1870 933
467 1308
1308 934
467 1366
1366 935
468 1928
1928 936
468 1079
1079 937
469 1809
1809 938
469 1249
1249 939
470 1084
1084 940
470 1507
1507 941
471 1042
1042 942
471 1232
1232 943
472 944
472 1065
1065 945
473 1640
1640 946
473 1426
1426 947
474 1638
1638 948
474 1618
1618 949
475 1946
1946 950
475 1475
1475 951
476 1814
1814 952
476 1132
1132 953
477 1906
1906 954
477 1614
1614 955
478 1576
1576 956
478 1492
1492 957
479 1558
1558 958
479 1192
1192 959
480 1845
1845 960
480 1847
1847 961
481 1756
1756 962
481 1993
1993 963
482 1925
1925 964
482 1425
1425 965
483 1642
1642 966
483 1899
1899 967
484 968
484 1254
1254 969
485 1043
1043 970
485 1669
1669 971
486 1359
1359 972
486 1146
1146 973
487 1313
1313 974
487 1707
1707 975
488 1222
1222 976
488 1361
1361 977
489 1543
1543 978
489 1376
1376 979
490 1422
1422 980
490 1150
1150 981
491 1171
1171 982
491 1472
1472 983
492 1572
1572 984
492 1238
1238 985
493 1676
1676 986
493 1713
1713 987
494 1189
1189 988
494 1478
1478 989
495 1981
1981 990
495 1245
1245 991
496 1072
1072 992
496 1221
1221 993
497 1129
1129 994
497 1153
1153 995
498 1819
1819 996
498 1765
1765 997
499 1822
1822 998
499 1754
1754 999
500 1060
1060 1000
500 1275
1275 1001
501 1751
1751 1002
501 1424
1424 1003
502 1951
1951 1004
502 1841
1841 1005
503 1910
1910 1006
503 1099
1099 1007
504 1052
1052 1008
504 1689
1689 1009
505 1130
1130 1010
505 1830
1830 1011
506 1767
1767 1012
506 1670
1670 1013
507 1661
1661 1014
507 1330
1330 1015
508 1752
1752 1016
508 1477
1477 1017
509 1049
1049 1018
509 1797
1797 1019
510 1026
1026 1020
510 1760
1760 1021
511 1200
1200 1022
511 1157
1157 1023
