2000 1999 20
1 1424
1424 2
1 1459
1459 3
2 1117
1117 4
2 1963
1963 5
3 1119
1119 6
3 1060
1060 7
4 1916
1916 8
4 1254
1254 9
5 1107
1107 10
5 1903
1903 11
6 1511
1511 12
6 13
7 1400
1400 14
7 1898
1898 15
8 1299
1299 16
8 1166
1166 17
9 1132
1132 18
9 1142
1142 19
10 1776
1776 20
10 21
11 1384
1384 22
11 1528
1528 23
12 1674
1674 24
12 1085
1085 25
13 1975
1975 26
13 1173
1173 27
14 1264
1264 28
14 1662
1662 29
15 1622
1622 30
15 31
16 1891
1891 32
16 1209
1209 33
17 1270
1270 34
17 35
18 1057
1057 36
18 1050
1050 37
19 1796
1796 38
19 1943
1943 39
20 1261
1261 40
20 1115
1115 41
21 1617
1617 42
21 1765
1765 43
22 1604
1604 44
22 1075
1075 45
23 1123
1123 46
23 1106
1106 47
24 1435
1435 48
24 1340
1340 49
25 1190
1190 50
25 1583
1583 51
26 1836
1836 52
26 1559
1559 53
27 1998
1998 54
27 1316
1316 55
28 1294
1294 56
28 1568
1568 57
29 1208
1208 58
29 1069
1069 59
30 1266
1266 60
30 61
31 1890
1890 62
31 1410
1410 63
32 1664
1664 64
32 1207
1207 65
33 1644
1644 66
33 1920
1920 67
34 1529
1529 68
34 1242
1242 69
35 1659
1659 70
35 1607
1607 71
36 1602
1602 72
36 1184
1184 73
37 1039
1039 74
37 1991
1991 75
38 1753
1753 76
38 77
39 1665
1665 78
39 1938
1938 79
40 1594
1594 80
40 1439
1439 81
41 1421
1421 82
41 1548
1548 83
42 1847
1847 84
42 1642
1642 85
43 1883
1883 86
43 1325
1325 87
44 1569
1569 88
44 1111
1111 89
45 1778
1778 90
45 1103
1103 91
46 1531
1531 92
46 1265
1265 93
47 1801
1801 94
47 1167
1167 95
48 1040
1040 96
48 1073
1073 97
49 1615
1615 98
49 1854
1854 99
50 1706
1706 100
50 1596
1596 101
51 1513
1513 102
51 1411
1411 103
52 1341
1341 104
52 1655
1655 105
53 1832
1832 106
53 1957
1957 107
54 108
54 1210
1210 109
55 1191
1191 110
55 1473
1473 111
56 1971
1971 112
56 113
57 1980
1980 114
57 1828
1828 115
58 1199
1199 116
58 1834
1834 117
59 1241
1241 118
59 1760
1760 119
60 1820
1820 120
60 1571
1571 121
61 1438
1438 122
61 1310
1310 123
62 1443
1443 124
62 1570
1570 125
63 1921
1921 126
63 1271
1271 127
64 1386
1386 128
64 1702
1702 129
65 1951
1951 130
65 1924
1924 131
66 1680
1680 132
66 1611
1611 133
67 1750
1750 134
67 1742
1742 135
68 1080
1080 136
68 1095
1095 137
69 1749
1749 138
69 1446
1446 139
70 1547
1547 140
70 1999
1999 141
71 1870
1870 142
71 1745
1745 143
72 1894
1894 144
72 1200
1200 145
73 146
73 1720
1720 147
74 1968
1968 148
74 1588
1588 149
75 1691
1691 150
75 1336
1336 151
76 1542
1542 152
76 1344
1344 153
77 1385
1385 154
77 1798
1798 155
78 1572
1572 156
78 1175
1175 157
79 1351
1351 158
79 1170
1170 159
80 1814
1814 160
80 1076
1076 161
81 1629
1629 162
81 1465
1465 163
82 1164
1164 164
82 1192
1192 165
83 1625
1625 166
83 1649
1649 167
84 1713
1713 168
84 1448
1448 169
85 1102
1102 170
85 1911
1911 171
86 1601
1601 172
86 1311
1311 173
87 1754
1754 174
87 1755
1755 175
88 1276
1276 176
88 1839
1839 177
89 1576
1576 178
89 1279
1279 179
90 180
90 181
91 1320
1320 182
91 1436
1436 183
92 1944
1944 184
92 1233
1233 185
93 1610
1610 186
93 1995
1995 187
94 1502
1502 188
94 1593
1593 189
95 1056
1056 190
95 1205
1205 191
96 1431
1431 192
96 1833
1833 193
97 1695
1695 194
97 1848
1848 195
98 1606
1606 196
98 1639
1639 197
99 1620
1620 198
99 1958
1958 199
100 1306
1306 200
100 1032
1032 201
101 202
101 1791
1791 203
102 204
102 1408
1408 205
103 1074
1074 206
103 1343
1343 207
104 1420
1420 208
104 1395
1395 209
105 1038
1038 210
105 1434
1434 211
106 1794
1794 212
106 1113
1113 213
107 1895
1895 214
107 1597
1597 215
108 1198
1198 216
108 1842
1842 217
109 1981
1981 218
109 1829
1829 219
110 1223
1223 220
110 1673
1673 221
111 1716
1716 222
111 1729
1729 223
112 1913
1913 224
112 1857
1857 225
113 1339
1339 226
113 1918
1918 227
114 1652
1652 228
114 1213
1213 229
115 1361
1361 230
115 1238
1238 231
116 1185
1185 232
116 1288
1288 233
117 1422
1422 234
117 1183
1183 235
118 1575
1575 236
118 1767
1767 237
119 1501
1501 238
119 1545
1545 239
120 1219
1219 240
120 1370
1370 241
121 1781
1781 242
121 1940
1940 243
122 1774
1774 244
122 1896
1896 245
123 1634
1634 246
123 1228
1228 247
124 1799
1799 248
124 1589
1589 249
125 1070
1070 250
125 1087
1087 251
126 1437
1437 252
126 1726
1726 253
127 254
127 1381
1381 255
128 1830
1830 256
128 1860
1860 257
129 1067
1067 258
129 1598
1598 259
130 1805
1805 260
130 1771
1771 261
131 1633
1633 262
131 1108
1108 263
132 1447
1447 264
132 1052
1052 265
133 1493
1493 266
133 1036
1036 267
134 1669
1669 268
134 1733
1733 269
135 1230
1230 270
135 1555
1555 271
136 1151
1151 272
136 1893
1893 273
137 1560
1560 274
137 275
138 1499
1499 276
138 1162
1162 277
139 1932
1932 278
139 1390
1390 279
140 1412
1412 280
140 1451
1451 281
141 1240
1240 282
141 1613
1613 283
142 1250
1250 284
142 1623
1623 285
143 286
143 1989
1989 287
144 1252
1252 288
144 1366
1366 289
145 1298
1298 290
145 1982
1982 291
146 1131
1131 292
146 1688
1688 293
147 1457
1457 294
147 1307
1307 295
148 1274
1274 296
148 1042
1042 297
149 1263
1263 298
149 1429
1429 299
150 1059
1059 300
150 1917
1917 301
151 1660
1660 302
151 1591
1591 303
152 1047
1047 304
152 1285
1285 305
153 306
153 1454
1454 307
154 1484
1484 308
154 1509
1509 309
155 1923
1923 310
155 1486
1486 311
156 1797
1797 312
156 1612
1612 313
157 1504
1504 314
157 1334
1334 315
158 1877
1877 316
158 1952
1952 317
159 1449
1449 318
159 1033
1033 319
160 1915
1915 320
160 1972
1972 321
161 1536
1536 322
161 323
162 1590
1590 324
162 1289
1289 325
163 1556
1556 326
163 1768
1768 327
164 1790
1790 328
164 1026
1026 329
165 1640
1640 330
165 1769
1769 331
166 332
166 1122
1122 333
167 1321
1321 334
167 1277
1277 335
168 336
168 1024
1024 337
169 1687
1687 338
169 1114
1114 339
170 1949
1949 340
170 1083
1083 341
171 1186
1186 342
171 1218
1218 343
172 1563
1563 344
172 1595
1595 345
173 1235
1235 346
173 1853
1853 347
174 1116
1116 348
174 1347
1347 349
175 1748
1748 350
175 351
176 1722
1722 352
176 1061
1061 353
177 1179
1179 354
177 1165
1165 355
178 1861
1861 356
178 1650
1650 357
179 1064
1064 358
179 1701
1701 359
180 1125
1125 360
180 1382
1382 361
181 1296
1296 362
181 1145
1145 363
182 1922
1922 364
182 1195
1195 365
183 1724
1724 366
183 1139
1139 367
184 1645
1645 368
184 1160
1160 369
185 1450
1450 370
185 1868
1868 371
186 1756
1756 372
186 1377
1377 373
187 1236
1236 374
187 1725
1725 375
188 1510
1510 376
188 1068
1068 377
189 1168
1168 378
189 1537
1537 379
190 1902
1902 380
190 1887
1887 381
191 1141
1141 382
191 1812
1812 383
192 1508
1508 384
192 1879
1879 385
193 1672
1672 386
193 1500
1500 387
194 1364
1364 388
194 1078
1078 389
195 1821
1821 390
195 1346
1346 391
196 1248
1248 392
196 1585
1585 393
197 1136
1136 394
197 1034
1034 395
198 1479
1479 396
198 1309
1309 397
199 1564
1564 398
199 1763
1763 399
200 1557
1557 400
200 1046
1046 401
201 1793
1793 402
201 1049
1049 403
202 1881
1881 404
202 1425
1425 405
203 1736
1736 406
203 1656
1656 407
204 1428
1428 408
204 1586
1586 409
205 1844
1844 410
205 1426
1426 411
206 1741
1741 412
206 1312
1312 413
207 1048
1048 414
207 1251
1251 415
208 1215
1215 416
208 1875
1875 417
209 1442
1442 418
209 1852
1852 419
210 1708
1708 420
210 1245
1245 421
211 1433
1433 422
211 1335
1335 423
212 1931
1931 424
212 1823
1823 425
213 1280
1280 426
213 1093
1093 427
214 1460
1460 428
214 1824
1824 429
215 1297
1297 430
215 1929
1929 431
216 1772
1772 432
216 1697
1697 433
217 1088
1088 434
217 1955
1955 435
218 1737
1737 436
218 1121
1121 437
219 1124
1124 438
219 1678
1678 439
220 1197
1197 440
220 1196
1196 441
221 1440
1440 442
221 1380
1380 443
222 1079
1079 444
222 1618
1618 445
223 1549
1549 446
223 1901
1901 447
224 1258
1258 448
224 1278
1278 449
225 1081
1081 450
225 1171
1171 451
226 1802
1802 452
226 1837
1837 453
227 1506
1506 454
227 1677
1677 455
228 1353
1353 456
228 1063
1063 457
229 1041
1041 458
229 1178
1178 459
230 1835
1835 460
230 1614
1614 461
231 1530
1530 462
231 463
232 1257
1257 464
232 1714
1714 465
233 1391
1391 466
233 1290
1290 467
234 1055
1055 468
234 1867
1867 469
235 1979
1979 470
235 1329
1329 471
236 1758
1758 472
236 1237
1237 473
237 1679
1679 474
237 1984
1984 475
238 1985
1985 476
238 1045
1045 477
239 1304
1304 478
239 1259
1259 479
240 1994
1994 480
240 1378
1378 481
241 1647
1647 482
241 483
242 1458
1458 484
242 1172
1172 485
243 1281
1281 486
243 1551
1551 487
244 1480
1480 488
244 2000
2000 489
245 1783
1783 490
245 1485
1485 491
246 492
246 1211
1211 493
247 1327
1327 494
247 1788
1788 495
248 1194
1194 496
248 1371
1371 497
249 1150
1150 498
249 1232
1232 499
250 1118
1118 500
250 1961
1961 501
251 1099
1099 502
251 1808
1808 503
252 1759
1759 504
252 1731
1731 505
253 1882
1882 506
253 1587
1587 507
254 1101
1101 508
254 1432
1432 509
255 1683
1683 510
255 1138
1138 511
256 512
256 1831
1831 513
257 1886
1886 514
257 1718
1718 515
258 516
258 517
259 1318
1318 518
259 1126
1126 519
260 520
260 1711
1711 521
261 1878
1878 522
261 1110
1110 523
262 1912
1912 524
262 1253
1253 525
263 1474
1474 526
263 1379
1379 527
264 1804
1804 528
264 1188
1188 529
265 1487
1487 530
265 1761
1761 531
266 1112
1112 532
266 1592
1592 533
267 1481
1481 534
267 1256
1256 535
268 1526
1526 536
268 1990
1990 537
269 1775
1775 538
269 1628
1628 539
270 1203
1203 540
270 1819
1819 541
271 1303
1303 542
271 1840
1840 543
272 1319
1319 544
272 1214
1214 545
273 1201
1201 546
273 1609
1609 547
274 1054
1054 548
274 1864
1864 549
275 1444
1444 550
275 1521
1521 551
276 1889
1889 552
276 1746
1746 553
277 1703
1703 554
277 1539
1539 555
278 1850
1850 556
278 1359
1359 557
279 1189
1189 558
279 1315
1315 559
280 1873
1873 560
280 1065
1065 561
281 1849
1849 562
281 1313
1313 563
282 1727
1727 564
282 1374
1374 565
283 1051
1051 566
283 1843
1843 567
284 568
284 1926
1926 569
285 1947
1947 570
285 571
286 1582
1582 572
286 1709
1709 573
287 1058
1058 574
287 1155
1155 575
288 1456
1456 576
288 1888
1888 577
289 1417
1417 578
289 1181
1181 579
290 1817
1817 580
290 1159
1159 581
291 1328
1328 582
291 1900
1900 583
292 1997
1997 584
292 1193
1193 585
293 1098
1098 586
293 1744
1744 587
294 1658
1658 588
294 1414
1414 589
295 1206
1206 590
295 1090
1090 591
296 1430
1430 592
296 1445
1445 593
297 1782
1782 594
297 1566
1566 595
298 1941
1941 596
298 1668
1668 597
299 1105
1105 598
299 1953
1953 599
300 1468
1468 600
300 1413
1413 601
301 1696
1696 602
301 1388
1388 603
302 1419
1419 604
302 1627
1627 605
303 1268
1268 606
303 1766
1766 607
304 1157
1157 608
304 1933
1933 609
305 1120
1120 610
305 1919
1919 611
306 1092
1092 612
306 1169
1169 613
307 1675
1675 614
307 1806
1806 615
308 1392
1392 616
308 1401
1401 617
309 1694
1694 618
309 1813
1813 619
310 1293
1293 620
310 1496
1496 621
311 1692
1692 622
311 1631
1631 623
312 1243
1243 624
312 1552
1552 625
313 1978
1978 626
313 1349
1349 627
314 1661
1661 628
314 1841
1841 629
315 1350
1350 630
315 1524
1524 631
316 1255
1255 632
316 1573
1573 633
317 1666
1666 634
317 1959
1959 635
318 1332
1332 636
318 1187
1187 637
319 1177
1177 638
319 1301
1301 639
320 1140
1140 640
320 1323
1323 641
321 1247
1247 642
321 1498
1498 643
322 1577
1577 644
322 1892
1892 645
323 1707
1707 646
323 1534
1534 647
324 1743
1743 648
324 1927
1927 649
325 1477
1477 650
325 1532
1532 651
326 1469
1469 652
326 1686
1686 653
327 1176
1176 654
327 1182
1182 655
328 1689
1689 656
328 1992
1992 657
329 658
329 1939
1939 659
330 1262
1262 660
330 1715
1715 661
331 1699
1699 662
331 1719
1719 663
332 1866
1866 664
332 1966
1966 665
333 1942
1942 666
333 1786
1786 667
334 1463
1463 668
334 1330
1330 669
335 1282
1282 670
335 1897
1897 671
336 1360
1360 672
336 1874
1874 673
337 1358
1358 674
337 1394
1394 675
338 1202
1202 676
338 1222
1222 677
339 1356
1356 678
339 1156
1156 679
340 1180
1180 680
340 1275
1275 681
341 1416
1416 682
341 1871
1871 683
342 1503
1503 684
342 1935
1935 685
343 1859
1859 686
343 1621
1621 687
344 1785
1785 688
344 1885
1885 689
345 1397
1397 690
345 1770
1770 691
346 1475
1475 692
346 1476
1476 693
347 1762
1762 694
347 1491
1491 695
348 1423
1423 696
348 1751
1751 697
349 1807
1807 698
349 1286
1286 699
350 1216
1216 700
350 1533
1533 701
351 1154
1154 702
351 1273
1273 703
352 1693
1693 704
352 1816
1816 705
353 1800
1800 706
353 1287
1287 707
354 1029
1029 708
354 1925
1925 709
355 1355
1355 710
355 1488
1488 711
356 1204
1204 712
356 1225
1225 713
357 1937
1937 714
357 1470
1470 715
358 1780
1780 716
358 1220
1220 717
359 1856
1856 718
359 1632
1632 719
360 1667
1667 720
360 1705
1705 721
361 1987
1987 722
361 1345
1345 723
362 1357
1357 724
362 1153
1153 725
363 1522
1522 726
363 1967
1967 727
364 1497
1497 728
364 1239
1239 729
365 1398
1398 730
365 1544
1544 731
366 1308
1308 732
366 1988
1988 733
367 1244
1244 734
367 1657
1657 735
368 1648
1648 736
368 1134
1134 737
369 1700
1700 738
369 1974
1974 739
370 1950
1950 740
370 1818
1818 741
371 1152
1152 742
371 1324
1324 743
372 1363
1363 744
372 1784
1784 745
373 1543
1543 746
373 1322
1322 747
374 1489
1489 748
374 1986
1986 749
375 1249
1249 750
375 1143
1143 751
376 1735
1735 752
376 1670
1670 753
377 1375
1375 754
377 755
378 1464
1464 756
378 1773
1773 757
379 1094
1094 758
379 1626
1626 759
380 1158
1158 760
380 1368
1368 761
381 1605
1605 762
381 1505
1505 763
382 1372
1372 764
382 1538
1538 765
383 1231
1231 766
383 1472
1472 767
384 1565
1565 768
384 1554
1554 769
385 1269
1269 770
385 1129
1129 771
386 1025
1025 772
386 1550
1550 773
387 1427
1427 774
387 1973
1973 775
388 1027
1027 776
388 1137
1137 777
389 1928
1928 778
389 1062
1062 779
390 1858
1858 780
390 1684
1684 781
391 1630
1630 782
391 1441
1441 783
392 1144
1144 784
392 1418
1418 785
393 1704
1704 786
393 1224
1224 787
394 1795
1795 788
394 1809
1809 789
395 1519
1519 790
395 1455
1455 791
396 1146
1146 792
396 1734
1734 793
397 1104
1104 794
397 1777
1777 795
398 1402
1402 796
398 797
399 1930
1930 798
399 1993
1993 799
400 1723
1723 800
400 1362
1362 801
401 1738
1738 802
401 1562
1562 803
402 1149
1149 804
402 1676
1676 805
403 1352
1352 806
403 1698
1698 807
404 1730
1730 808
404 1728
1728 809
405 1757
1757 810
405 1969
1969 811
406 1851
1851 812
406 1954
1954 813
407 1518
1518 814
407 1535
1535 815
408 1579
1579 816
408 1779
1779 817
409 1946
1946 818
409 819
410 1578
1578 820
410 1970
1970 821
411 1945
1945 822
411 1855
1855 823
412 1028
1028 824
412 1227
1227 825
413 1217
1217 826
413 1558
1558 827
414 1789
1789 828
414 1406
1406 829
415 1567
1567 830
415 1956
1956 831
416 1909
1909 832
416 1996
1996 833
417 1541
1541 834
417 1407
1407 835
418 1907
1907 836
418 1654
1654 837
419 1651
1651 838
419 1174
1174 839
420 1096
1096 840
420 1863
1863 841
421 1127
1127 842
421 1212
1212 843
422 1739
1739 844
422 1389
1389 845
423 1071
1071 846
423 1396
1396 847
424 1494
1494 848
424 1845
1845 849
425 1490
1490 850
425 1581
1581 851
426 1097
1097 852
426 1619
1619 853
427 854
427 1272
1272 855
428 1822
1822 856
428 1342
1342 857
429 1838
1838 858
429 1376
1376 859
430 1354
1354 860
430 1043
1043 861
431 1462
1462 862
431 1453
1453 863
432 1365
1365 864
432 1553
1553 865
433 1130
1130 866
433 1869
1869 867
434 1405
1405 868
434 869
435 1747
1747 870
435 1712
1712 871
436 1404
1404 872
436 1163
1163 873
437 874
437 1338
1338 875
438 876
438 1721
1721 877
439 1690
1690 878
439 1976
1976 879
440 1109
1109 880
440 1517
1517 881
441 1906
1906 882
441 1525
1525 883
442 1482
1482 884
442 1467
1467 885
443 1234
1234 886
443 1865
1865 887
444 1516
1516 888
444 1077
1077 889
445 890
445 1133
1133 891
446 1846
1846 892
446 1580
1580 893
447 1811
1811 894
447 1260
1260 895
448 1561
1561 896
448 1492
1492 897
449 1317
1317 898
449 1348
1348 899
450 1682
1682 900
450 1514
1514 901
451 1495
1495 902
451 1681
1681 903
452 1461
1461 904
452 1246
1246 905
453 1936
1936 906
453 1326
1326 907
454 1284
1284 908
454 1948
1948 909
455 1399
1399 910
455 1965
1965 911
456 1135
1135 912
456 913
457 1803
1803 914
457 1520
1520 915
458 1884
1884 916
458 1471
1471 917
459 1792
1792 918
459 1964
1964 919
460 1148
1148 920
460 1302
1302 921
461 1608
1608 922
461 1962
1962 923
462 1409
1409 924
462 925
463 1512
1512 926
463 1862
1862 927
464 1710
1710 928
464 1393
1393 929
465 1283
1283 930
465 1100
1100 931
466 1810
1810 932
466 1147
1147 933
467 1066
1066 934
467 1082
1082 935
468 1091
1091 936
468 1825
1825 937
469 1044
1044 938
469 1827
1827 939
470 1732
1732 940
470 1030
1030 941
471 1910
1910 942
471 1084
1084 943
472 1616
1616 944
472 1584
1584 945
473 1643
1643 946
473 1337
1337 947
474 1637
1637 948
474 949
475 1574
1574 950
475 1387
1387 951
476 1904
1904 952
476 1826
1826 953
477 1523
1523 954
477 1300
1300 955
478 1161
1161 956
478 1876
1876 957
479 1267
1267 958
479 1899
1899 959
480 1815
1815 960
480 1128
1128 961
481 1646
1646 962
481 963
482 1415
1415 964
482 1599
1599 965
483 1641
1641 966
483 1331
1331 967
484 1466
1466 968
484 1635
1635 969
485 1478
1478 970
485 1383
1383 971
486 1403
1403 972
486 1685
1685 973
487 1671
1671 974
487 1305
1305 975
488 1221
1221 976
488 1880
1880 977
489 1603
1603 978
489 1295
1295 979
490 1636
1636 980
490 1086
1086 981
491 1072
1072 982
491 1546
1546 983
492 1035
1035 984
492 1624
1624 985
493 1507
1507 986
493 1977
1977 987
494 1452
1452 988
494 1740
1740 989
495 1333
1333 990
495 1527
1527 991
496 1752
1752 992
496 1872
1872 993
497 1292
1292 994
497 1960
1960 995
498 1934
1934 996
498 997
499 1291
1291 998
499 1908
1908 999
500 1663
1663 1000
500 1229
1229 1001
501 1367
1367 1002
501 1314
1314 1003
502 1226
1226 1004
502 1638
1638 1005
503 1053
1053 1006
503 1515
1515 1007
504 1787
1787 1008
504 1914
1914 1009
505 1483
1483 1010
505 1540
1540 1011
506 1983
1983 1012
506 1013
507 1905
1905 1014
507 1373
1373 1015
508 1031
1031 1016
508 1653
1653 1017
509 1717
1717 1018
509 1369
1369 1019
510 1089
1089 1020
510 1037
1037 1021
511 1600
1600 1022
511 1764
1764 1023
