20 100
37 28 27 20 25 56 65 91 77 11 40 20 47 60 18 39 83 40 11 56 43 26 25 23 100 35 9 32 79 71 96 52 49 50 43 98 43 75 28 43 2 29 90 95 88 97 100 86 77 61 11 36 55 100 44 5 15 56 23 21 30 27 87 76 17 58 19 12 37 9 38 66 71 85 64 97 93 80 31 3 67 61 79 86 19 5 47 41 74 75 37 24 61 65 1 63 81 53 99 83
9 14 6 5 1 8 11 23 25 3 6 3 3 7 8 0 1 16 0 5 9 9 0 0 21 3 2 9 29 9 28 8 10 6 5 17 9 13 3 10 1 11 19 23 20 2 13 27 2 4 1 15 7 0 1 1 0 30 6 9 12 6 11 8 5 10 0 2 0 3 6 25 23 39 9 23 8 1 8 1 7 3 22 26 7 0 2 19 25 28 0 7 10 5 0 3 18 5 8 17
1 14 0 4 7 8 11 23 17 0 11 12 5 3 8 6 29 4 0 1 16 11 0 0 21 9 2 9 29 14 13 4 6 6 5 17 9 21 6 10 0 6 14 23 5 40 18 28 2 23 3 0 7 41 0 0 7 11 3 4 4 6 42 16 0 20 9 2 5 3 1 5 18 3 9 12 12 18 5 1 7 5 2 0 7 0 0 10 25 30 0 11 17 26 0 0 18 8 14 29
9 5 9 7 8 8 26 23 25 2 2 3 18 7 1 22 7 16 1 5 1 9 8 11 5 6 0 10 7 13 23 19 0 10 5 21 13 3 6 20 0 10 19 10 11 20 23 18 28 0 2 15 12 0 8 1 6 30 9 0 5 2 2 3 6 10 3 2 0 3 6 23 5 16 1 42 44 15 8 0 26 11 19 48 5 0 16 4 15 6 13 1 10 17 0 7 10 5 2 17
9 5 9 4 7 8 26 23 3 2 4 4 12 3 1 0 29 3 1 19 1 3 13 1 5 6 0 2 29 14 13 16 0 6 18 21 8 21 6 20 1 10 14 23 38 31 23 5 4 17 1 15 12 0 18 2 1 30 3 9 5 2 42 16 6 26 5 1 5 0 19 4 23 39 9 12 12 18 2 0 26 11 24 48 1 0 0 19 15 28 0 0 20 8 0 3 18 5 14 29
1 1 9 7 7 25 26 9 3 4 17 4 5 20 0 6 29 12 0 16 16 11 13 1 50 7 1 2 10 8 20 5 20 10 5 21 13 3 2 6 0 6 8 16 14 40 40 18 5 17 3 5 24 41 18 2 1 5 9 4 7 2 6 16 3 1 5 6 0 3 19 23 2 16 14 12 24 18 2 0 9 10 12 48 1 0 18 5 5 4 13 5 17 8 0 0 29 0 14 10
2 5 0 4 7 8 8 8 17 4 2 12 5 20 8 7 29 3 0 1 9 9 4 10 21 6 4 9 7 14 12 19 10 6 5 17 7 31 11 20 1 10 19 26 38 20 13 18 5 0 1 15 12 0 17 1 1 5 3 1 2 10 26 16 0 20 9 2 0 3 19 23 23 20 26 16 5 15 8 1 8 11 24 26 5 5 18 10 15 4 9 11 10 17 0 48 10 5 8 17
8 14 9 0 1 8 11 8 25 4 11 12 3 20 8 6 23 5 9 1 16 9 4 0 50 10 2 2 7 9 23 19 6 17 5 17 6 13 6 4 0 6 14 10 5 2 13 8 5 4 3 5 24 1 1 1 7 5 2 0 2 7 6 3 0 1 3 1 12 3 6 9 23 20 14 16 44 25 10 1 9 32 2 6 5 0 11 5 1 7 13 11 17 5 1 5 29 8 8 13
2 2 6 5 7 8 9 28 3 2 17 4 9 16 8 4 23 12 9 15 16 0 13 1 4 3 1 2 10 8 20 8 13 6 18 17 6 13 3 3 1 11 8 26 20 31 13 5 38 17 2 5 12 11 18 1 1 5 6 7 2 10 11 8 3 1 5 1 12 0 6 9 23 7 14 4 5 25 2 0 17 32 12 6 5 0 18 3 1 28 7 0 20 5 0 48 17 0 67 10
8 5 9 4 8 8 8 8 25 2 4 1 18 3 1 4 23 5 1 19 1 0 0 1 5 6 4 9 18 13 12 4 0 11 18 32 6 21 11 3 1 1 35 26 11 31 6 28 38 17 2 16 0 47 17 0 7 5 3 7 2 2 42 33 3 26 3 1 20 0 1 9 18 7 14 16 12 21 10 1 26 11 19 6 5 5 16 10 1 6 7 0 10 9 1 5 10 18 8 29
17 6 3 5 1 25 26 23 25 2 17 3 9 16 8 6 23 16 1 5 16 11 0 0 50 10 0 2 15 13 23 16 13 17 5 11 9 13 6 4 0 11 35 16 5 31 23 27 2 4 3 0 7 47 0 2 7 30 3 9 7 7 42 16 6 26 0 1 0 3 6 9 18 7 14 12 24 1 5 1 17 5 22 0 1 0 0 4 25 28 0 0 4 8 0 3 7 22 8 13
2 2 0 4 2 8 11 28 17 2 11 0 12 14 8 7 7 3 9 15 1 3 4 10 4 9 0 10 15 14 23 16 6 17 10 11 8 31 6 20 0 10 14 20 38 20 18 8 4 23 3 0 12 1 8 1 6 11 2 1 4 10 26 16 0 1 9 1 5 0 6 4 5 20 1 42 44 25 5 1 8 32 24 0 1 0 11 4 28 30 9 11 4 17 0 7 17 22 67 14
17 2 3 4 8 25 11 9 7 0 2 3 18 14 1 22 1 16 0 15 9 11 0 10 4 9 2 9 10 13 28 8 13 11 10 11 7 3 11 6 0 1 8 20 20 4 6 18 2 17 3 0 12 47 8 0 6 11 6 7 7 6 26 33 3 20 2 6 0 3 6 5 5 3 14 4 5 15 8 1 7 3 22 26 1 0 16 4 28 30 9 5 10 9 0 48 10 0 67 14
1 1 6 7 7 7 8 23 17 2 17 0 5 7 8 4 7 12 0 5 1 3 0 11 21 7 4 9 15 8 20 5 20 6 5 17 9 31 3 3 1 11 35 16 11 40 18 28 38 0 2 0 0 11 0 1 0 5 3 1 4 10 11 16 3 10 9 2 20 3 1 23 2 7 1 42 8 1 5 1 8 5 19 0 5 5 18 3 25 6 7 7 4 17 0 0 7 18 8 10
8 1 3 0 2 25 11 8 25 4 6 0 3 14 1 0 23 3 1 16 9 3 4 10 20 10 2 9 18 9 28 16 10 11 10 32 7 7 2 4 1 1 14 20 38 4 40 8 5 4 3 0 24 1 1 1 1 5 3 1 7 2 6 16 3 1 2 6 0 0 6 25 23 39 26 23 24 1 6 1 9 3 24 26 1 0 2 5 28 7 9 7 10 9 1 3 7 22 8 14
9 14 6 0 7 8 11 9 25 3 6 1 3 7 1 22 7 12 0 15 16 3 13 1 4 9 1 2 18 9 28 8 6 10 5 21 13 3 6 3 1 1 14 20 11 4 6 28 28 17 3 5 24 11 8 1 1 5 6 0 12 2 6 3 3 1 3 6 20 0 6 5 23 16 9 23 8 25 2 1 26 10 12 48 7 0 11 5 1 7 7 7 20 9 0 0 18 0 2 29
8 1 9 7 8 7 11 28 3 0 4 0 12 3 0 0 23 5 9 19 1 0 0 11 5 3 2 10 10 8 13 4 20 6 10 17 6 21 2 6 0 1 8 10 14 2 18 8 38 17 2 16 0 1 1 0 6 11 9 4 4 2 2 8 5 10 2 1 12 3 1 4 2 39 14 4 12 21 10 0 7 32 2 6 5 0 16 3 5 6 8 1 10 5 0 7 29 8 14 10
17 6 9 4 1 7 8 9 7 3 4 1 12 20 0 7 1 5 0 19 1 3 0 1 50 7 4 2 15 27 12 5 20 17 5 11 8 31 11 6 0 1 35 16 14 2 6 27 4 17 1 16 0 47 17 2 0 5 2 9 12 7 26 33 5 26 0 1 20 3 19 4 2 20 14 16 8 21 10 1 8 10 22 6 1 5 11 19 5 4 8 5 4 8 0 5 29 18 8 13
17 6 3 0 7 7 9 23 7 0 2 12 9 16 1 22 23 4 1 1 16 3 8 11 20 10 2 2 7 27 13 19 13 6 5 17 7 7 6 4 0 1 14 10 5 4 23 5 28 0 2 0 12 11 0 1 1 5 3 0 5 7 2 3 6 20 2 2 12 3 6 5 23 3 26 4 5 15 6 0 17 5 2 6 5 0 0 3 15 7 8 1 20 26 0 48 7 8 2 13
1 2 9 4 2 8 9 23 7 2 11 4 18 14 1 4 1 4 1 16 1 3 8 1 20 7 2 9 29 27 20 5 0 11 18 32 8 7 3 10 0 6 14 23 20 40 40 5 4 23 2 0 12 41 18 1 0 5 2 7 5 6 11 33 3 1 5 2 5 0 6 25 5 3 1 42 44 18 6 0 9 3 19 6 1 0 2 19 28 30 13 5 17 26 1 5 17 18 67 14
2 6 0 5 2 8 9 28 25 3 6 1 9 16 0 7 23 4 1 16 16 0 8 1 20 3 1 10 18 27 12 4 10 10 5 32 13 7 2 10 0 1 19 26 14 20 40 27 28 23 2 16 7 41 17 1 1 5 9 4 12 2 2 8 5 1 0 2 0 0 6 25 18 16 26 23 24 21 6 0 17 10 12 6 7 0 2 10 5 4 8 1 10 26 0 7 17 22 2 17
