2000 1999 20
1588 153
412 1163
243 1578
258 65
368 1062
48 1807
89 1342
1463 662
1587 979
800 1210
1396 108
380 963
1105 1278
1622 1892
1645 1706
442 533
195 805
749 1301
519 1463
574 891
1508 1868
1637 1461
486 387
944 1704
1022 1141
1835 1702
1368 2000
1399 1282
673 1131
1568 1818
367 1075
1971 1
742 906
760 953
1725 711
1813 1149
1919 452
1000 1449
14 246
927 1345
426 140
1361 635
122 144
830 1506
1256 1017
1447 1964
613 96
616 1176
564 31
25 1841
318 773
829 462
1510 1036
1330 77
1501 258
1934 644
1150 102
1403 431
297 800
989 1026
1226 385
493 930
1499 1335
1329 663
1009 1783
1952 1576
1817 1703
124 1909
20 1084
1839 1946
1785 154
1989 871
751 1270
473 1374
1606 853
338 1335
146 354
184 1575
709 1535
1630 252
1226 1571
508 1811
1669 303
10 1699
236 916
1975 568
1154 1387
46 885
1911 220
579 669
724 559
1551 1548
1703 740
177 1916
141 357
727 1756
1103 1756
1649 744
33 1635
1982 619
1994 1192
198 551
507 695
1528 958
1351 826
480 251
841 510
1330 415
1030 1164
262 1976
1840 1316
1763 1562
1423 533
180 1626
995 835
993 1965
1562 132
1245 128
1088 1919
339 734
1435 1503
1759 203
488 1460
1364 1888
259 1750
266 530
1551 1109
607 1955
1045 1331
8 1845
746 557
1041 213
1500 1779
1300 23
349 49
616 1383
769 205
1618 1489
615 1012
41 1803
286 1507
866 1685
1067 275
1838 624
1888 1935
207 1243
161 1199
97 303
1440 499
1888 241
1111 745
135 658
1546 1891
866 117
1349 1827
93 1980
1860 1422
191 30
315 1838
1951 1819
1150 1234
1600 902
578 197
1292 1706
1746 1055
83 1429
985 1811
677 1203
1531 103
1777 1188
497 1740
860 1182
1449 947
803 1779
1090 343
435 482
1075 107
746 984
1667 371
233 1078
516 1023
357 67
332 1753
276 159
633 1724
878 630
101 1314
27 766
178 82
837 923
1930 300
933 302
1330 248
977 465
1198 347
1168 1619
1342 36
183 1375
119 886
1012 1144
1448 1679
1581 1296
503 15
758 970
331 61
1608 1166
847 548
571 187
359 1843
1828 1200
1276 349
522 1948
1451 1160
130 1513
1321 480
693 155
18 1479
1421 325
930 1349
1669 699
1091 1431
744 630
1335 1554
998 1194
1853 837
258 596
1943 1583
572 798
1386 775
1455 1267
1311 1123
653 1956
1667 1586
1630 334
1328 330
1317 224
1542 206
121 1950
45 1363
1065 775
1730 1697
843 1603
1747 638
418 411
269 793
446 1378
757 605
1326 1855
769 1741
780 1752
333 827
1404 1417
1597 1628
118 222
341 1940
1099 302
291 1047
948 1473
922 240
1064 69
1282 1542
1752 440
449 497
1581 1665
1989 458
609 215
806 1469
779 1758
1359 1569
1872 207
663 656
618 494
77 62
437 350
1885 1040
1271 1287
1732 175
945 1984
1617 1881
256 951
782 265
992 1277
214 18
1641 1750
301 1958
1011 1856
509 1936
736 281
1221 857
1184 1020
1541 311
414 1710
1698 1407
423 328
796 871
1912 1798
1332 1081
133 1588
650 206
78 1609
1072 787
1816 1264
1080 1960
87 1037
284 515
921 521
1261 1570
1116 1785
688 722
1062 1267
1483 545
496 658
526 836
703 1782
1357 405
570 286
147 1174
1004 1504
1041 1583
762 1490
1402 1626
1264 1799
338 895
149 1418
81 1447
261 1060
342 283
1745 1655
521 1867
1125 1389
672 603
1905 174
313 1947
54 277
152 1910
503 1584
1527 512
1561 421
573 159
226 1765
1815 1683
382 377
836 811
1374 843
1039 901
1229 1122
209 72
1368 976
698 630
722 1308
355 919
695 1822
310 2000
1511 1789
142 434
270 830
832 1542
1362 449
622 1250
1425 554
469 457
1067 1526
792 1906
994 455
1658 1772
749 78
1547 1310
1802 282
1863 202
199 197
469 1848
568 1341
707 467
128 1582
848 1082
1732 1219
1391 682
703 20
995 1138
709 1459
189 307
1446 1250
369 432
1151 1373
8 1170
1179 1527
851 1309
860 576
1782 1013
1838 1481
227 1521
1913 694
41 564
1274 1059
1007 1390
415 1391
1851 1555
9 1771
230 344
1748 472
1904 1020
775 1590
725 753
601 296
1428 798
555 1851
166 1239
1894 1165
1623 948
446 1444
1916 345
1442 416
416 539
710 175
1901 1966
686 355
439 1631
697 1750
935 732
441 1109
1832 1115
1324 176
1035 219
1728 1068
1672 1847
1941 1787
528 752
1754 1111
787 152
1369 526
1472 101
634 36
1492 422
1506 51
292 318
1929 1154
1802 884
825 1145
1874 1083
1715 272
945 79
1671 1804
352 1636
1893 697
808 1718
484 676
926 1432
1773 1453
1781 1299
939 1324
286 403
35 1027
1671 525
1806 1598
1113 1244
1925 907
1111 1853
173 372
1055 155
854 1090
710 1353
763 544
1632 989
642 839
1727 1456
1411 546
810 752
38 1450
95 59
1656 25
279 1607
1748 1317
1344 1333
643 276
208 255
434 1708
908 431
1792 1889
690 1281
1340 586
94 1802
886 1979
1542 21
1519 1862
242 875
1639 1378
3 1245
1280 1730
575 365
11 970
1097 1745
1903 1760
513 1650
694 957
1650 943
598 1266
1347 328
1648 728
116 459
1003 1048
1048 1388
1530 1811
1373 1155
1831 1954
1686 28
851 681
1815 1089
285 768
750 1039
660 156
208 1138
916 1531
1312 529
1593 1676
371 1790
366 1323
858 1647
1465 1735
558 1212
230 245
838 1818
1532 704
1074 1061
319 118
148 425
490 1649
1440 414
1480 1252
6 722
797 1221
233 1190
126 408
1620 786
1736 1356
837 1069
973 1434
176 253
1791 859
833 364
1967 1596
1498 1106
1187 894
1716 66
360 66
379 43
379 353
818 203
1491 1002
1183 1030
1018 596
130 761
1899 1247
239 713
1985 53
39 1584
1094 988
1909 1424
1490 514
18 207
892 457
844 1348
652 1290
1135 1615
55 990
1286 1302
600 284
525 1877
1325 591
467 1010
14 1076
1408 756
1737 1972
416 427
500 386
1173 1503
940 1889
216 223
1466 580
1231 647
201 1988
601 1348
468 675
1313 430
1181 138
219 641
1006 1045
1057 1042
1677 181
304 1170
1376 593
229 342
864 898
1544 1121
1841 649
789 1839
1587 1689
1651 932
614 27
37 1191
1778 1599
1861 944
1291 1721
1858 883
461 279
141 1477
767 1721
1684 217
1681 971
1382 1675
846 1352
1091 1003
1712 1343
1883 1577
1232 173
630 427
1492 1774
1871 39
1280 1541
1384 1374
134 719
186 1311
351 1695
1835 67
711 1102
882 864
635 178
1550 1216
1220 1205
592 1974
614 920
1623 1874
645 1850
159 918
464 414
706 1073
1854 1575
1072 1954
609 254
1890 1515
1182 1957
1467 1456
1100 1299
105 1983
306 1424
223 1279
831 346
680 41
1077 1360
1618 1981
1215 1062
1978 925
502 109
277 451
462 363
1705 860
1277 320
1119 1029
167 949
1469 176
710 1664
559 608
1920 815
900 1539
637 674
1635 200
1753 1411
1127 1746
1281 896
1419 1812
212 638
1719 74
1465 1507
1821 1962
1640 1722
1820 1842
1589 1508
1520 1883
374 1929
1161 388
257 1529
1002 1783
690 1617
112 55
343 668
579 171
250 663
330 1568
1936 460
1005 646
1548 184
1846 5
89 1951
713 1186
377 1731
851 211
483 1121
580 1145
472 1001
879 1976
1402 1974
609 784
42 1780
1828 651
1475 135
944 347
419 1412
191 1713
628 934
1445 1147
1864 1692
1831 1193
1001 244
1707 1808
520 552
1434 862
912 757
667 149
323 1379
1248 1937
1071 1967
974 151
1829 961
444 844
1770 1644
986 583
532 1263
1717 999
640 56
419 1992
666 1128
587 322
231 337
1532 623
66 1033
1249 239
1443 960
1293 1683
1706 437
1571 1298
1358 1824
1601 126
1946 819
102 868
1163 1362
1413 1278
381 197
902 450
171 1574
1789 702
1504 1272
1244 1682
633 538
748 1251
531 553
919 1398
325 1863
255 1586
1589 1127
966 1663
727 1762
70 1553
1025 751
1661 1288
1305 462
1495 822
650 320
561 1179
1363 86
1001 669
55 1013
1755 1263
1833 449
488 1640
439 1997
1492 899
768 1732
1261 885
1092 1325
1813 1949
1581 1010
1540 1630
1696 861
1947 1433
1535 955
394 834
825 1308
412 1095
567 776
549 425
840 133
1605 1016
596 620
1225 1313
932 267
1897 1765
816 701
285 1647
267 1031
1647 1708
551 1455
516 718
1236 1552
591 518
157 1913
780 1953
1705 96
1178 53
443 1779
1768 1787
1083 1491
532 1569
1688 333
1377 1989
419 1124
1249 1914
1354 1488
1794 373
1747 1409
238 1024
406 988
1471 653
274 1958
941 1711
1498 1862
260 496
1089 968
445 924
1790 1386
955 1843
1552 1890
1778 492
1807 87
1767 556
814 980
268 41
431 1032
1526 1908
374 799
820 395
491 115
1434 479
417 453
1313 1493
1301 1679
540 58
160 1624
62 193
1140 1523
72 973
1196 1071
1737 389
1114 890
769 1755
1203 1157
1921 672
482 400
504 1939
1882 1655
1935 375
143 98
839 602
1476 478
604 785
1749 983
1367 1273
1276 1912
1611 1660
61 1727
1659 1722
205 1743
1454 324
1231 993
1937 336
1060 1532
71 1543
1894 1265
678 157
1451 418
1231 612
694 50
180 489
856 25
1287 394
1359 548
348 1307
1939 1151
1407 268
1928 1843
1973 1481
1783 904
1973 543
455 1887
1126 863
1462 765
185 1879
608 757
307 789
1911 827
1285 792
1028 124
1370 86
1432 1352
1197 36
1795 627
888 116
306 743
1881 804
839 1659
1273 899
1227 470
1195 1326
1339 1396
1859 737
1609 569
51 1927
1441 356
500 74
1283 1914
726 1400
330 1218
1371 136
1379 1623
398 903
465 808
1861 1998
1439 1743
1481 1945
1113 1867
449 228
1533 324
536 1643
1183 913
1663 1897
1393 1672
946 520
1027 1846
335 1598
1621 1781
272 514
1591 7
444 1289
1905 1917
204 489
1238 353
1412 80
1619 210
852 311
1316 1079
1959 134
901 397
1715 47
1464 577
1613 1963
120 1823
1097 402
909 306
1849 353
329 1542
548 1307
96 193
599 1654
190 234
1253 1454
221 767
1451 1049
750 1487
1291 1292
1297 125
1260 1105
1642 74
1393 1028
1798 1971
730 1639
634 952
857 708
477 534
186 1185
340 505
1470 148
1104 1382
656 76
1210 1260
1534 1256
1675 58
242 1613
1415 1634
631 539
642 1594
908 1152
1268 1132
1834 200
105 162
1831 38
585 927
682 841
1952 1117
1244 146
1327 1428
235 1563
243 1858
1607 1604
1111 170
141 716
312 24
1606 29
522 1580
1159 636
407 1459
626 264
762 1066
563 1057
1235 1023
984 1171
686 1602
151 448
1123 104
1832 1496
1842 1517
965 1939
402 1187
1153 124
917 1640
485 1298
1538 1585
1188 607
688 998
546 764
1519 482
882 380
616 91
565 298
1686 451
1227 14
905 1351
1267 1141
775 863
759 20
59 1137
1516 810
881 823
1255 1327
755 1956
1141 112
1775 690
972 828
1624 225
1052 1385
364 295
1452 280
1523 1791
161 747
1355 426
1043 241
649 735
94 227
958 1116
826 338
1322 8
629 960
1261 593
643 648
1361 1988
543 1216
40 1334
1676 1571
263 489
891 1385
791 293
314 423
50 1545
108 1247
1044 56
828 1319
1353 604
659 1296
420 1224
179 1400
1561 1009
817 757
1114 66
1543 425
1592 1532
1617 1050
1143 1302
86 788
786 1660
763 200
807 743
284 392
292 1051
569 535
915 1885
709 1302
68 316
790 760
960 1240
1488 1246
145 1245
685 625
640 1134
544 1115
1 1653
85 1842
831 1793
910 1135
902 1553
270 1963
1358 435
597 513
829 1562
1214 220
1944 1813
169 1433
50 736
12 584
934 1162
1965 797
801 1916
1200 1668
1446 1918
1830 129
609 1690
107 999
681 1695
138 1850
1792 1505
1435 313
627 854
1336 459
1085 589
14 1438
1566 297
526 443
376 1626
514 1387
1587 1142
253 1179
1740 720
451 64
1643 665
645 625
107 1257
1898 1916
1116 500
1139 1429
1248 295
1178 978
982 1485
321 1230
616 1158
168 1338
1726 541
1108 661
1869 1192
1365 1624
1341 1910
1388 382
562 714
1463 1309
1031 373
831 1250
1654 89
60 53
603 166
1268 988
632 620
1959 95
588 392
1265 1172
1458 1055
137 421
278 1485
1344 162
667 959
1093 82
1038 350
668 1941
24 1577
481 1807
632 587
512 425
123 464
90 511
1966 319
439 1006
1924 1661
941 1865
1845 1275
845 646
1012 487
1049 715
606 495
1382 1212
1368 941
1437 344
893 696
1334 536
609 1812
1848 1736
508 269
683 342
262 950
257 1799
1513 801
1262 1712
1254 545
1332 322
1942 656
1091 1836
938 1944
1565 192
506 641
1666 838
1246 1975
1061 1878
119 1781
1060 1042
1875 1524
640 3
783 1375
796 1422
1557 1851
1866 339
510 701
994 197
158 1670
139 962
262 1025
1825 1537
436 996
761 619
1538 824
1400 691
136 1071
1107 868
687 1932
454 1937
1814 282
187 43
1181 174
19 37
1630 1694
265 740
418 1284
1616 1080
893 30
131 1811
1289 1515
1383 692
1955 1346
966 1826
1900 1469
1024 1220
1801 1765
288 1892
1228 1354
1041 1773
712 527
1980 821
1776 1929
1211 1418
648 1349
1564 371
1852 1501
111 154
1439 1438
1384 477
165 541
1130 1719
1643 922
1174 185
484 956
194 1182
462 1133
1392 1851
77 981
1670 986
113 476
1614 1129
1696 1523
1304 903
384 1608
1404 1591
890 169
1608 1496
732 31
702 156
491 217
72 1993
1325 1208
1950 372
550 162
478 406
857 1259
1263 1457
733 1033
1316 1385
707 150
1585 428
377 980
90 1744
42 396
1502 466
108 1559
1681 310
354 737
106 1266
1573 1472
105 1394
1495 1278
201 345
1421 728
820 1217
110 1639
1206 387
706 436
910 961
358 367
438 1930
609 249
585 389
907 1318
441 1672
1646 1093
1431 1882
2000 869
1445 1832
528 907
1285 22
1556 126
237 1510
929 1466
654 771
777 1812
1449 1858
1783 1784
639 968
114 126
218 631
391 1473
463 1016
611 169
1658 952
1961 341
1047 779
1430 1810
1078 398
1692 566
1717 1826
13 738
409 672
687 802
1963 1085
1638 520
897 1579
1505 366
1920 1539
1205 1251
447 1739
1671 1034
984 369
870 128
712 378
747 481
1735 1615
1055 135
582 920
989 1363
115 953
1662 865
1204 1308
1012 507
404 660
291 1162
187 1896
679 820
1014 92
1844 1276
483 297
946 1253
1357 1795
1247 315
1125 75
791 1511
1300 1938
964 165
552 1427
729 1249
793 164
1680 618
358 1192
1189 1707
1068 410
753 1825
835 1658
1267 1709
625 1933
1825 1415
334 28
1610 751
1729 1510
1336 185
292 251
901 1370
1871 1955
1854 558
1512 236
447 279
1409 1021
1726 1450
1991 42
712 1650
1249 572
23 1998
579 1625
1068 1376
524 1978
1004 1087
1223 1887
1234 545
919 779
1857 70
898 1673
1353 251
1666 2
1461 1800
143 555
1968 196
598 594
1572 399
1004 1482
1938 992
271 1977
1614 1598
1990 654
203 1749
1484 1199
134 766
936 839
477 1579
399 1188
972 1895
317 1917
1118 1465
834 594
1326 10
225 1046
1910 1714
617 1338
302 1768
885 1902
1063 8
1734 1895
1696 1478
1223 1475
968 1237
244 1303
1962 809
1852 741
351 22
867 1394
310 1064
885 136
1530 464
1726 842
1688 670
235 853
1077 1845
1198 1168
395 1762
1868 1372
1558 148
399 1567
1369 428
1116 529
1182 411
1923 358
929 68
742 1237
52 120
26 1493
812 1936
1701 451
1040 879
1803 547
741 1112
588 388
1638 1239
1602 1619
781 879
1837 535
848 1611
57 1680
1030 1549
238 970
754 871
1931 13
84 1
704 243
305 1738
1146 241
1893 1472
1156 1549
88 663
519 1779
489 1502
1671 1668
1653 1016
1096 1682
1017 617
1525 1038
4 283
1401 1691
1835 672
15 202
840 1255
636 1274
1272 1518
689 1333
1796 1925
1495 717
516 1738
271 1124
52 318
73 621
774 977
1456 1962
1689 1331
752 424
915 433
733 1631
1757 1765
1930 1810
1641 1603
1735 1202
953 855
122 1894
1501 1522
1908 1840
1195 1347
591 301
1884 657
562 92
696 606
1750 1414
1371 1098
364 511
1127 1612
716 440
1053 697
1601 1632
705 586
1993 725
1565 1734
486 1029
595 117
1978 1824
796 475
1504 969
1083 195
1697 1533
866 63
1269 1187
1589 967
1844 368
305 157
1627 653
365 1944
271 1004
795 1891
456 1301
765 1190
80 1069
1011 792
1406 1016
304 129
308 775
915 182
394 793
1064 293
724 1408
1509 1478
911 1637
172 975
1211 1953
1934 807
1879 7
1723 441
974 1800
889 901
1805 1654
943 1514
1374 723
1451 760
1243 352
1405 1684
1101 1529
413 1636
1038 928
1306 197
1827 254
1749 485
795 1443
651 530
1851 1764
1453 1207
1902 390
381 281
471 1317
502 508
1546 121
1904 1808
1148 982
1949 567
1577 1497
458 1014
1642 501
657 897
978 1474
1968 401
911 1304
1043 1780
1050 1441
1918 230
1949 1991
846 12
926 387
104 1657
221 47
1547 1392
44 1996
610 877
264 1763
362 431
1687 36
960 553
824 850
1600 1144
1112 1125
181 532
1366 1095
849 1603
207 954
346 1942
68 986
1185 1148
554 466
1423 821
1279 575
1270 1878
87 1713
470 1536
122 1136
675 1163
388 1766
1525 159
289 1812
212 370
79 1661
1209 434
1771 353
913 877
1177 1282
122 1979
848 674
1622 294
794 750
1574 1628
991 979
1172 506
1888 188
1627 867
1695 327
692 853
1786 829
1812 1425
172 1175
1557 1622
331 1103
840 1019
1128 1294
113 683
1084 1269
433 666
555 1058
359 1332
99 1366
813 1814
480 1426
85 192
422 1518
696 385
555 1604
1924 664
321 117
1526 1070
523 1973
1572 1597
1809 1281
326 999
1099 1982
1580 966
1956 463
508 1201
1217 582
117 655
1778 1820
1652 1543
914 1604
1222 1799
168 1158
1343 735
899 5
17 951
1080 563
219 1749
1845 1907
1549 1150
1258 1236
106 1936
335 734
1674 55
1656 1995
1543 984
1909 1108
1952 1657
319 1233
287 1691
538 1297
288 31
1542 1633
1007 1057
1191 1416
479 1333
664 450
1939 59
1074 1484
1404 937
602 1468
823 430
612 453
340 432
1986 1246
1356 34
782 610
190 636
27 1397
416 1769
945 1436
1737 1931
1875 1469
783 1996
1481 874
1214 556
13 819
1644 1538
1339 807
1880 1760
1763 1128
646 420
828 1494
1503 1100
1130 1106
1879 1380
384 1651
1990 1516
1405 222
1121 875
1157 266
687 1127
1430 592
1462 1510
1526 1352
231 167
1761 615
73 389
1635 361
127 1369
1618 743
299 1050
1512 1345
1180 234
1486 1845
1866 605
129 218
1437 1889
1656 685
383 1801
1772 1169
896 654
1027 1400
906 1624
1420 1160
1883 1999
1290 158
239 898
1733 1500
232 174
1102 1742
24 792
947 1794
1325 1305
1788 1241
630 247
100 456
277 1767
1063 1132
1355 1194
542 1639
892 1582
774 1980
449 1720
560 1628
1629 795
499 931
1829 1464
1110 588
1033 1381
1082 599
423 1242
274 1742
714 1152
417 1409
873 802
541 1410
508 1876
922 140
684 786
51 1008
778 1572
196 1444
1167 555
822 794
671 1584
663 770
1416 586
770 34
378 100
1796 113
529 1815
474 1144
498 1085
153 1296
1372 859
730 1241
151 720
1556 486
1086 1628
774 1122
1693 1232
256 1131
395 700
942 4
280 813
1896 1354
739 1411
517 688
628 442
956 1005
1050 1494
478 16
1395 1184
888 962
670 375
1792 880
1307 721
1725 1817
1646 823
1919 1662
223 1447
120 566
1236 410
380 57
1505 1184
1886 1669
1429 1563
540 1693
924 1146
1563 1915
1073 1464
33 1499
432 273
1350 1668
799 949
1207 1429
211 1922
393 932
431 764
1225 1440
290 590
1987 1046
1741 298
1044 789
581 816
1407 525
1264 964
1712 413
256 296
434 852
19 1314
684 980
900 1685
1400 1117
471 183
1788 1926
1008 234
815 1594
1340 1161
278 660
1724 225
652 10
1282 452
1991 1054
1015 877
1751 1842
1337 630
1718 125
996 18
429 105
1765 99
1126 1884
1649 1111
1540 677
865 1994
897 1213
997 1140
1478 563
321 1056
702 1120
9 535
373 590
1510 370
609 1595
1970 1173
1436 1744
456 1320
460 1536
184 887
737 1967
505 337
739 521
1205 699
1483 1739
1739 1295
1244 987
1996 708
1917 1476
581 1707
905 1692
1583 1474
1190 1315
172 1242
1469 1175
942 1480
1218 1985
150 1961
1244 1873
407 300
872 473
876 729
287 1520
492 1865
1926 484
600 405
1966 1903
1700 1023
1373 40
75 1529
1460 574
718 618
1534 391
11 1422
1307 943
749 1870
32 529
570 1770
543 139
789 309
1634 1614
1989 1560
17 1978
734 1797
944 1678
454 1230
633 163
103 1561
1417 1521
772 996
283 537
1961 695
1401 979
731 38
2 1447
1066 1969
1968 280
303 149
1159 4
809 1648
1224 724
