2000 1999 20
966 1034
545 1540
1229 1135
923 1790
792 552
1212 1885
1902 1867
1520 1947
1948 1328
720 566
759 781
278 1404
351 346
1090 1449
1235 1251
879 854
1665 124
290 1777
1947 976
1530 746
1463 745
1411 1522
509 1833
1478 1696
2 977
1590 593
1858 1479
710 1284
434 297
248 1464
640 845
400 388
1779 1850
1885 1687
1498 1318
198 968
1942 1392
1338 1824
1780 899
873 807
1449 1839
1661 76
313 1310
142 1523
1917 653
1681 1933
180 1514
536 1769
1497 125
1545 1977
502 674
251 876
1877 433
94 892
258 1204
1805 905
418 429
850 1319
1629 1711
1596 592
1344 1462
1629 1913
432 406
541 1599
1939 1099
1581 116
329 1080
1606 560
1701 1776
1674 109
1786 443
823 1859
1338 1057
608 1106
1529 1219
93 697
215 1905
1042 1691
670 212
373 1666
1381 1284
1650 1315
938 187
1480 316
1995 1796
319 1145
1422 268
1511 802
1789 1861
625 1874
306 633
54 100
301 362
965 89
518 1653
1833 1531
1555 417
1553 889
195 1150
273 1710
996 261
1738 755
673 190
1738 90
1630 1263
884 1802
683 433
82 1439
289 158
461 1651
216 423
1545 191
592 354
572 700
1237 1474
1381 961
1141 1641
799 1654
1963 1340
1129 1931
959 1312
1976 662
1429 1150
486 686
942 279
1669 547
1116 1843
578 1349
1912 591
1879 1739
1460 570
12 1438
1897 1417
1814 1873
40 1994
1632 1834
63 953
1377 905
1920 488
234 1467
1596 986
493 954
1279 1080
1826 121
44 1720
1704 832
1705 333
1767 1409
1472 1254
1269 1413
386 1470
253 620
964 1892
106 1602
912 1552
1561 1524
713 747
1592 1052
1930 428
1117 223
641 55
1375 704
262 1242
1618 1726
1030 1347
505 324
619 1743
247 173
1232 521
1614 1755
1313 1445
1345 684
340 1852
1960 571
1527 682
1566 594
358 816
1794 549
1376 223
856 1431
194 262
1126 568
424 715
1870 480
1874 240
1852 589
1959 712
407 733
987 743
1120 444
629 242
633 669
710 241
59 115
83 1702
665 853
1791 1517
1680 685
1654 1955
1744 1873
556 38
567 1948
946 1873
1914 43
1752 1696
1077 475
1655 1858
1384 174
331 1486
373 586
1634 1446
662 1158
1506 472
1483 514
307 687
1653 998
852 1679
1773 228
783 1646
748 1476
1756 1365
1210 655
1532 1734
46 801
1277 439
1247 473
716 1058
30 997
138 1094
1171 1611
1821 633
1115 1957
1820 328
590 973
1425 797
939 249
1080 1862
489 1321
413 1993
1919 153
886 704
107 335
1508 736
1 377
1223 169
1187 1111
1021 1588
1651 1921
374 140
76 1626
1598 1467
1090 1797
378 1846
1882 582
1046 96
291 421
1098 1821
573 197
818 1625
1709 1126
547 253
1643 1143
1985 1516
1201 999
505 268
1354 1494
2 1067
36 1327
1600 1589
1190 334
196 1299
463 1047
319 1945
290 1125
920 1748
1981 1724
1529 1675
1521 567
1419 503
256 1130
616 1172
529 1482
1414 1138
966 931
1943 495
1629 922
991 1405
1742 317
371 989
1023 1791
1153 26
694 864
1788 627
880 1089
781 105
1428 600
384 1803
921 1708
210 943
1382 1017
622 437
53 1860
1642 635
119 1050
916 1046
496 997
266 1006
663 958
265 832
203 1996
377 334
1975 1343
404 1238
1233 266
1052 168
355 1938
1676 1605
1297 727
1078 1559
1132 1825
1371 378
667 1960
793 826
940 471
155 711
1999 845
61 691
869 837
1693 1582
372 1634
666 1025
1336 1563
1436 1954
596 208
391 822
890 445
628 284
1395 21
877 501
857 1290
752 974
316 1897
858 33
1923 298
35 248
1753 703
940 1007
63 1880
734 1163
1100 338
1718 1168
299 1290
1652 105
963 797
1022 571
405 1376
1518 366
1937 1383
1691 1677
1269 1983
1408 1104
367 358
1955 750
472 419
1996 941
1701 840
1737 1430
887 98
1370 534
815 2000
1851 1827
244 330
753 422
1875 1694
560 313
1504 424
387 1461
1159 463
808 270
1011 1477
26 209
1088 236
1584 659
1083 129
1751 1679
183 1835
1239 885
1426 1942
81 1239
634 851
1031 1806
1130 1261
644 1286
1997 1525
1419 550
1212 980
47 1289
71 1484
919 1229
831 1830
1003 1096
819 1572
1111 99
161 1373
1745 841
1834 1921
1848 1142
1320 339
1418 579
285 525
842 1601
767 86
1776 831
1254 396
1314 1234
999 155
1492 1491
312 764
1743 174
1747 152
1318 1129
801 1217
1056 25
559 1154
805 65
264 1248
1895 318
1397 1208
1334 231
527 1713
335 375
581 464
95 1783
1243 1602
724 1117
1431 201
1959 1811
438 1992
68 1740
1841 172
736 1346
465 570
696 1537
795 1775
1864 410
1780 672
896 1128
330 211
839 368
1084 1281
1161 1813
660 854
58 36
252 1827
1370 497
1035 1401
982 1076
1764 1348
1354 365
1590 1974
171 165
1565 589
1525 626
1948 787
243 1328
783 451
1720 1536
1762 1045
1205 952
356 1521
594 17
933 1804
49 1087
1982 866
951 705
227 1811
696 446
990 1640
1556 1648
569 1193
1806 419
798 1892
1048 634
1761 957
1732 101
1324 752
537 1757
1526 1986
1969 52
293 1138
1608 1559
826 1489
1725 1628
1526 1181
762 1488
700 1142
213 1085
1364 1412
1070 1083
630 1293
1932 1576
1710 1028
817 1982
442 1450
381 186
1250 1285
351 1835
1496 1620
1914 362
1375 1447
1139 1096
1584 27
1063 1136
1272 1332
114 1227
48 1958
1402 1480
778 522
1122 80
330 69
226 431
1222 1516
827 80
480 897
1694 1503
1634 304
511 1162
1591 1708
1824 1767
767 1359
855 1298
1790 1176
355 1061
530 379
1750 1642
1575 1935
1178 1566
766 217
650 1728
1936 802
746 737
544 217
60 1373
1523 349
292 91
1078 835
360 158
697 1197
1878 1462
369 41
1580 1624
1441 548
519 704
873 1027
450 636
1054 584
726 814
1620 202
945 457
72 1794
604 1554
1294 397
1438 1978
208 1803
1276 1265
139 1676
744 1098
1044 1458
1748 16
1730 762
1167 199
884 494
1798 1678
1888 1380
203 1672
1018 1499
1659 1102
1929 1568
1703 218
375 1638
1896 778
526 255
194 157
1740 1
383 1116
291 1631
1828 1365
490 1092
92 403
1020 276
1348 53
1363 332
945 178
1053 1083
695 1100
750 51
1339 418
1928 1705
1321 1004
1804 449
1143 599
93 1214
915 393
543 196
1617 982
206 1422
119 1827
964 1138
1653 56
494 1217
337 1953
1266 251
1296 1297
319 1306
1502 61
1779 1024
958 1531
1374 1418
1528 818
380 1041
1786 487
842 365
805 528
1121 820
1660 1923
720 1749
597 1837
1151 1838
1517 871
1983 708
1697 1130
1165 862
1105 829
1086 170
1601 1990
1044 1544
551 1698
669 696
796 911
1490 1095
1169 1563
1086 465
1465 1730
1256 247
737 651
78 1557
1589 1716
79 818
1763 1934
1408 277
239 976
675 923
668 223
1688 1763
588 1723
953 1759
933 932
656 18
1614 638
995 688
571 1324
40 1725
935 1927
1485 1394
947 191
1604 1487
1364 1645
1619 1822
559 1995
996 1120
547 73
574 765
433 1310
1698 399
829 1597
350 337
1222 1005
1772 759
1766 1430
564 282
867 87
1331 1232
802 768
1633 1575
1509 4
348 1679
524 677
643 1853
1158 396
926 448
416 1603
1610 105
391 127
171 1093
1127 796
980 179
516 24
839 1699
430 603
1266 972
1237 1486
1189 1741
1192 1175
421 1570
972 414
624 740
1935 1915
1960 1829
207 1816
6 834
345 1353
1752 758
231 911
500 936
1883 1016
1882 1219
1231 277
1970 675
949 1917
1714 1366
64 910
904 1090
1044 417
1387 754
921 870
1994 1027
956 122
1440 540
1429 1441
1952 1723
1409 1295
1539 572
159 94
804 843
661 1461
1041 210
1636 1192
88 39
1859 131
1866 478
1836 1677
223 347
774 838
676 1604
233 395
1327 504
1989 1876
1130 876
426 402
128 1514
1320 1000
1264 312
777 743
1272 124
1459 1181
616 34
753 469
1612 836
1037 1018
156 38
1700 993
1922 1583
1113 722
1734 390
1868 1286
1339 1701
1387 1961
913 1079
1207 1541
365 1663
1949 420
780 799
1357 1321
1557 1565
407 147
772 455
725 769
1372 495
480 1063
230 1782
235 1785
305 1054
1978 504
1527 491
15 630
220 458
1659 350
732 1342
1406 681
814 1157
460 898
1463 233
1165 1065
1280 37
129 1702
1147 1887
230 962
246 739
1680 458
1134 531
1213 1144
453 879
1309 940
1155 851
585 399
307 650
131 1282
1639 1329
1716 1682
1926 1953
1161 555
1763 1228
866 185
479 731
709 1857
445 1916
1643 428
416 502
1074 202
1096 1520
488 1472
1956 1686
859 1644
352 1618
924 1157
512 1673
1111 647
1196 671
1613 621
138 1676
664 1341
551 1107
1476 117
1220 303
29 127
28 437
562 1035
1029 456
1378 153
1171 868
1128 1771
786 1315
971 794
47 906
1010 411
1900 91
715 803
1993 645
763 914
1837 1396
1594 22
1335 427
65 93
97 1889
1835 1495
1354 1267
836 651
1739 1522
1435 1132
323 846
934 1046
474 388
1411 462
1019 945
788 114
635 18
638 1148
1634 1622
1108 960
1759 1393
874 314
442 499
1881 988
806 380
1977 626
1655 272
999 1808
392 1491
623 776
1593 708
1940 454
1011 959
392 1809
1270 673
1049 784
779 1231
758 241
387 903
2000 177
1890 575
1401 73
638 1170
1097 203
436 104
1329 773
557 384
889 1156
900 1442
1864 1485
792 247
450 1283
1155 136
1843 1047
438 878
942 422
1707 1831
609 1939
1617 703
1574 28
1910 1090
859 539
1033 151
1981 210
900 1515
732 142
1888 1509
1462 1903
712 742
970 491
611 1326
163 819
1219 1519
186 3
998 141
898 1152
701 1868
984 250
18 1801
370 231
1177 1722
207 341
1787 946
816 1012
1047 1562
394 1455
848 1533
1991 448
1511 1337
188 134
1105 757
1326 45
110 1193
730 106
72 1823
537 1216
267 614
1347 1051
1979 1863
1685 1543
1118 310
283 952
1309 71
1700 1806
1758 1293
1682 1456
1166 1362
1443 1062
895 291
380 279
851 724
260 1278
1392 1246
1426 880
610 523
591 1088
148 11
857 1878
474 1059
1431 1243
1260 385
1371 742
1358 538
1263 1920
162 1233
1457 1123
398 1785
578 302
270 1744
950 1709
118 1745
1118 938
165 1124
245 1193
478 516
1152 1853
564 1203
1072 263
25 930
1954 615
134 554
232 70
1493 1909
259 813
1420 508
109 300
884 484
327 432
1304 401
918 1537
64 1447
1723 393
627 605
1103 1477
1951 298
784 954
811 277
1968 400
1088 1227
434 677
1750 1385
1009 1601
1508 810
293 1456
15 1551
119 284
1388 201
544 1495
1353 11
772 1896
629 1536
1768 1838
1490 1586
122 1972
1567 447
1831 1071
1107 795
24 1108
22 528
449 741
827 224
1364 31
1919 469
1777 1228
1667 1111
1379 390
1335 1078
75 765
1756 1595
1603 1244
855 509
1075 407
967 1003
326 819
825 1077
1060 1167
7 1207
61 1582
414 506
1252 1586
785 812
193 185
722 1425
951 1997
189 1926
1439 1862
1361 1660
863 1872
379 201
526 1059
144 163
614 679
198 1034
706 678
615 48
1036 960
631 405
1162 1891
1314 1037
862 217
1014 1499
887 122
1798 26
102 897
1188 1662
587 1030
200 1322
696 1091
1564 496
1650 1742
1621 1567
678 556
670 605
481 1489
692 1357
888 1966
133 665
991 1989
1145 1788
1733 1391
152 751
1820 1746
970 229
562 618
959 1082
1184 560
1714 1000
1656 988
1993 305
1443 1971
996 1927
1890 1584
925 1462
756 1337
1383 1149
1118 1924
786 729
1619 492
785 1925
1307 817
1849 1288
566 593
353 1535
1909 1386
1818 1416
1907 682
878 56
1246 364
1770 1446
1291 1894
1501 9
611 1017
646 1099
1707 1728
1624 321
4 666
558 981
1639 1693
1330 1549
658 793
1951 1899
1177 444
576 317
1583 1554
1029 1610
587 1937
530 1147
114 1513
727 1291
1632 1199
1407 178
815 1963
664 1136
1180 1038
975 464
151 935
267 604
1807 476
1600 468
1038 431
1649 1736
17 1294
132 377
252 1258
1491 637
1005 1230
489 1169
1952 1210
409 1015
14 1443
402 1691
137 1934
363 314
470 269
42 522
1558 1802
390 77
335 1800
1828 1390
1871 480
1205 1362
869 1033
1216 1949
1573 937
827 1020
1637 676
209 487
21 1101
1306 297
961 266
1627 614
709 858
1760 1694
461 1898
834 1719
1904 1688
462 126
1274 829
1665 510
1436 735
269 1439
606 130
1666 1260
1142 962
1736 272
1974 739
1203 166
147 406
39 1123
252 1815
296 425
1670 1010
1241 1918
1518 1421
927 1932
1566 1795
281 95
115 1711
1273 1383
749 711
1358 1644
452 1627
324 794
1173 1593
1056 1566
1427 864
1040 1558
1975 1102
1271 822
191 430
598 1299
1036 1093
49 1946
1854 1355
661 1727
965 169
1911 1200
1103 1573
660 1105
553 113
1215 71
20 205
1857 54
1649 1731
565 1784
6 216
218 944
596 1210
135 773
1305 1940
1638 1362
883 401
436 1223
881 847
590 1907
1648 1845
1856 758
294 1832
1257 1081
1149 1998
355 1611
1551 1741
1137 175
459 656
1706 57
367 1040
1542 1242
529 1211
69 411
1864 517
517 1706
1072 641
1613 1255
1189 1912
1052 800
1024 839
1500 1332
289 1288
913 1355
648 254
1313 126
632 426
280 737
32 1034
278 1782
1184 359
55 1924
282 274
1432 336
1962 234
1154 48
979 58
1925 1084
796 294
909 1634
578 440
1221 623
1405 770
912 16
466 1389
1618 872
1811 1530
614 1475
168 353
756 412
1755 460
167 89
1282 1692
1946 1784
1657 553
1032 855
1911 649
821 1664
84 486
265 1714
643 938
894 1671
3 273
919 1684
675 398
1463 260
1528 1796
581 525
1316 1726
602 121
386 184
1609 1840
511 531
975 1049
1630 1369
364 188
951 74
1473 1451
221 216
225 1901
1465 1378
623 860
1895 154
1637 1255
680 1769
579 965
1487 342
477 1363
1454 1677
483 706
921 1865
222 1161
1199 1057
447 389
1289 493
141 780
52 1768
949 357
78 1264
1452 1699
443 719
1398 1491
361 74
1423 1977
1930 586
728 170
891 536
1245 1377
688 1942
1450 1546
1251 1296
452 338
1191 540
84 1009
1944 317
849 453
926 369
994 1076
1783 254
1979 1432
315 1770
585 1894
853 13
1090 1287
1762 1484
123 164
1225 769
1729 1351
286 1014
896 1577
743 1717
850 192
1609 1815
902 693
1824 738
702 1240
1001 1580
1784 1311
1480 533
224 176
654 498
1573 229
1197 205
1555 219
741 992
466 49
87 455
553 928
1799 1646
1842 992
861 1736
1577 718
613 37
847 1393
370 222
1550 1560
1226 1517
1569 385
1647 411
5 1873
1023 149
763 1220
739 284
1323 1684
29 1875
1164 698
735 1721
1079 476
41 405
1553 521
841 852
577 1964
318 301
1761 1349
16 930
229 1317
1287 1326
477 311
1013 1568
1704 1535
731 1832
92 1464
523 361
1198 357
200 435
1015 1546
598 328
1146 1346
1186 1003
1194 1749
315 673
412 459
1798 1301
794 1881
1090 1668
1512 1781
520 554
918 1497
1296 1810
865 1333
1384 1692
1195 615
1427 1533
1628 610
467 1109
255 140
1966 895
539 723
825 644
1455 652
1222 1137
1089 1681
1842 1159
1193 1312
1118 657
735 1064
1261 698
1817 476
1695 1980
1991 429
1094 1292
717 1483
225 702
1712 1522
1961 1849
103 1367
1505 1966
1183 1541
420 1350
1008 1180
1287 1253
1996 1218
1085 557
1164 948
34 22
8 906
1074 838
1973 219
85 540
1017 554
694 1957
135 395
1820 701
1399 713
1360 1453
176 563
1724 1198
1616 538
763 1762
238 1298
981 1915
906 902
1073 1058
1043 654
532 215
415 1760
820 1428
957 881
1502 1416
214 856
689 1819
345 687
903 844
619 19
457 1886
292 1778
470 782
531 1415
1438 1448
734 1094
771 882
1612 1399
200 1361
1237 519
114 1395
149 1993
1473 1965
1110 729
1956 1552
776 497
1105 275
1823 1906
769 1591
343 1008
1010 677
1188 234
1077 732
1832 485
1259 212
770 1790
872 1307
1908 1657
133 1496
927 327
1514 44
1181 629
404 1493
382 1487
1268 883
1581 356
326 612
1192 888
43 1245
944 1918
1412 752
908 1936
1271 595
1880 457
1543 764
824 1095
81 1967
1867 1323
1672 1645
1549 1125
383 1504
1894 1481
546 1799
286 979
616 1473
117 108
1430 340
1587 1940
483 1732
1268 1336
232 1721
1658 1584
963 1941
1478 371
1893 1993
798 921
149 1174
748 1149
915 843
10 155
366 801
1434 869
441 264
1060 1588
1869 1774
1038 1069
1352 1665
1603 1789
14 1605
1855 375
814 1345
812 1656
1557 1209
1047 1754
164 1968
677 955
1661 1235
7 1136
1792 98
1854 341
424 140
1183 506
1249 857
865 1922
1735 1928
1957 1072
1607 1774
740 1894
250 1807
1106 346
1102 1626
143 534
549 1311
1141 482
983 148
518 1841
1964 1058
1673 685
1534 694
1906 317
1333 332
479 775
1474 1331
1303 1025
1816 481
749 1398
1891 1822
195 527
527 467
59 848
1939 121
895 112
1068 123
718 1008
1674 154
606 775
778 672
318 1026
1453 985
1413 647
1934 50
1829 348
1013 404
1291 830
701 894
1587 1092
309 77
155 146
1976 249
125 490
821 956
240 1837
466 508
103 97
175 1444
1851 901
216 1749
66 990
329 311
1218 239
1424 1165
1025 299
503 906
541 1973
176 1745
1867 948
717 1830
407 9
574 1256
932 686
1427 1547
1621 287
695 723
1664 451
1457 1445
521 322
663 625
1508 771
136 719
1545 1507
1368 2000
120 30
270 1419
1402 1772
1374 573
177 1729
478 1231
1200 986
1926 1526
674 1524
111 1224
1247 408
1675 606
690 64
1538 375
1406 1110
1454 1451
791 415
320 1259
1400 1331
378 28
860 300
1079 1308
671 1863
603 182
1363 642
381 303
1999 536
218 761
1739 1524
468 1705
1163 1564
182 612
1805 1778
1685 1825
1498 1146
1278 1662
1453 1793
1250 92
863 1506
1861 1213
1847 1575
1295 1861
1510 225
545 235
481 601
1615 1604
1086 1899
730 892
1757 499
893 773
1007 543
546 1470
1689 1240
218 181
950 271
1403 1001
1813 512
440 1239
591 583
1430 103
890 1385
619 1171
171 1182
1552 1539
1098 1607
137 1608
1101 1850
900 1840
826 1114
1548 1001
993 354
268 62
1722 1350
765 197
1753 1029
871 1574
100 1211
1564 833
1943 250
849 1168
613 68
318 1202
1515 162
34 1302
164 636
877 166
1758 994
1046 1391
743 1055
599 1570
999 1053
1356 1113
1613 1706
907 936
1171 760
1168 394
1372 53
1125 1466
388 67
1092 1016
1683 56
408 1593
1283 501
1133 1691
1440 1206
1394 144
336 1184
807 513
1847 514
194 237
1980 1571
1281 1104
600 385
1300 1304
180 363
1733 639
978 452
204 1156
1160 66
699 1324
1140 579
1112 185
1134 152
155 1433
1616 1274
774 1884
1267 1193
777 654
1012 707
882 1356
1129 809
257 922
1752 580
1966 789
1277 1404
95 552
1950 752
642 721
813 206
969 582
1437 1241
542 881
107 899
640 1458
161 980
692 1186
1325 168
659 85
1229 295
1781 1234
1532 1908
928 867
1191 1550
1469 688
1932 1492
1268 258
1916 342
1060 1270
1819 1460
102 427
193 790
447 1702
1319 1735
1598 111
1876 754
1247 1340
1648 1468
1285 827
1889 1818
1386 595
264 238
321 823
175 837
464 568
1890 325
983 507
1528 23
70 1542
296 1302
349 1900
1391 323
1812 1836
1579 1293
850 1863
916 609
303 1410
1890 658
1764 1731
981 288
150 613
1635 1106
1622 1330
683 1081
607 734
1208 1726
52 160
824 1119
79 1067
1038 99
253 946
1141 1554
1599 1351
597 1479
108 1727
143 1792
1167 1435
271 684
1013 283
1179 267
561 313
1124 824
309 1055
213 282
931 259
1775 513
846 438
1896 344
1359 1793
60 1109
653 1277
1390 632
157 755
135 145
1621 13
1678 228
1590 1623
1839 51
908 1695
1236 461
1592 1719
582 1838
1482 20
1732 1160
1452 1262
828 805
1687 1028
1747 989
1905 758
1002 582
714 1878
1448 1887
681 435
1586 244
648 1190
1209 1988
1294 1512
339 156
14 508
747 308
63 1039
973 492
1560 193
1699 863
1635 1518
1933 1276
1488 243
1845 1437
406 917
1967 360
1051 1468
985 295
1403 652
804 1280
875 1745
490 1690
1471 528
1715 409
1257 257
1987 939
2 1689
470 308
1061 1540
1595 1380
774 646
116 690
939 220
515 1773
32 533
1054 1065
1275 566
1878 1578
707 1665
1630 929
1224 1259
1911 441
896 1397
925 844
1941 1407
1071 680
1765 1796
403 218
1185 416
907 507
1640 1630
160 1931
1585 579
94 1901
1984 941
1230 1500
184 577
415 820
33 1043
1501 1225
1622 617
1229 376
409 461
1869 500
1131 390
1148 924
535 880
90 1915
689 1980
1305 314
436 30
1276 86
515 618
716 88
1300 548
1978 1844
194 1066
