2000 2500 20
971 80
1583 388
65 1343
69 1341
507 1577
1020 1878
29 1923
1176 44
1127 1337
1838 575
424 1950
1442 1253
201 469
1330 1339
1124 694
413 1382
1131 118
1563 83
1657 487
1827 969
1861 81
1658 1747
1078 1350
1733 194
522 1314
243 1531
654 24
925 1602
198 265
399 1845
401 1355
1488 1854
1779 1117
855 588
1920 1985
783 118
714 589
558 1169
69 358
959 311
654 413
1993 1757
160 1304
1884 829
632 259
864 1964
1537 478
1220 629
446 356
1233 1292
1236 549
25 533
1270 850
1760 1887
904 751
241 165
1418 601
1881 116
636 212
327 317
1441 1272
981 1882
158 388
91 672
224 1416
1285 640
331 1362
1378 1094
1979 456
255 1221
622 721
538 1852
204 124
644 143
1221 564
1479 1006
885 15
1883 1110
1894 923
1626 648
81 347
1120 582
1532 216
561 1301
1787 1058
1625 1380
1710 1412
438 870
1604 1682
737 1294
1359 1293
836 144
1968 1090
86 1296
1799 1310
1388 710
1200 1358
754 232
1433 684
1883 89
980 646
244 152
1726 1927
1291 1988
1828 896
1789 1183
388 1130
985 740
914 54
1348 647
1504 199
946 1302
464 1702
1541 192
220 301
1076 1033
1798 99
445 1773
1351 982
551 1522
544 1145
886 1363
1214 1391
834 652
663 310
833 1746
844 935
1628 1306
567 33
1917 100
1711 1303
52 1760
528 30
1331 1964
1632 452
418 459
1984 1834
151 582
1106 1908
1104 261
982 267
557 532
1679 1421
1011 1274
1422 1232
1516 1973
1897 525
1635 1506
1409 1711
600 785
1922 1933
617 788
1467 1534
886 1146
1875 637
482 237
1152 1008
866 1587
1262 1298
921 986
1031 1596
1410 1027
1838 1911
1941 349
1312 1941
32 1440
60 1144
396 1210
24 251
1430 1795
1446 561
1608 1617
1345 894
711 737
1397 1210
1412 1576
1903 308
449 128
1288 1051
873 995
940 479
700 1072
1251 554
755 1707
64 466
714 178
1832 156
1232 1715
1839 815
859 687
396 638
906 5
279 629
1626 1528
1465 1509
1820 1610
304 171
43 1524
1317 951
1530 454
253 117
1793 385
893 623
1585 173
110 213
1097 1026
587 325
1654 75
256 1389
912 259
207 1345
709 1090
1171 845
456 657
439 343
847 76
342 840
723 1
382 756
875 1011
106 442
412 1793
1020 1871
26 1566
308 1978
560 1167
264 36
1758 416
967 1993
1614 1893
63 1379
1470 1622
23 806
239 1369
124 148
398 1954
417 306
396 1271
1557 669
861 1524
902 1353
1378 1482
1767 161
1451 495
879 477
332 1103
1159 1458
1640 1328
1666 396
993 142
1305 652
481 1989
1508 1523
1985 1272
499 892
316 614
1542 49
1491 313
1203 1028
425 1530
1950 1879
1265 471
1598 49
1567 293
647 1711
1102 626
948 255
942 620
969 1037
408 678
1698 1658
1211 717
1374 925
1795 353
1063 52
500 176
1711 1309
1507 1214
503 1367
1376 992
882 1679
1526 1134
556 284
1758 506
743 1947
1597 925
489 675
1183 448
1676 438
757 1367
1003 1647
779 1305
1137 1776
1808 1986
1392 359
1611 1672
629 1352
82 1021
1034 826
876 736
1214 1740
1519 1100
1338 1922
1274 729
1652 77
595 755
1146 2
377 1508
1766 398
1234 95
1786 803
1770 1486
1967 1778
290 1639
169 255
661 1628
1726 620
1191 548
1220 372
1912 1840
91 431
1683 128
995 686
927 678
458 708
516 92
1803 1186
1810 1317
1694 131
1902 321
1457 1049
411 1876
815 1341
322 1779
755 609
360 620
1402 876
1920 1094
1606 1312
666 1845
593 782
568 845
1994 1098
1743 441
719 1802
1408 1245
413 1605
622 1949
1441 822
1659 371
1533 1420
822 66
1411 1948
843 738
1713 707
701 778
1147 470
966 1990
1147 511
518 1823
898 1424
659 181
638 1327
131 1722
1125 95
684 814
977 1599
113 1379
547 1141
759 482
1079 1251
1354 149
201 659
631 1034
1679 913
1276 137
1773 1535
662 1890
758 946
1880 558
1546 1842
805 346
835 989
1485 1419
1161 39
1671 1482
1063 1257
1237 1204
10 890
369 590
880 1047
950 1947
659 576
1721 418
27 799
636 1090
786 324
139 407
859 179
300 956
764 450
143 1444
1380 730
1504 1072
874 684
397 1680
1298 804
1212 1437
1498 870
1981 142
492 309
1036 48
347 1108
263 18
344 894
115 1143
1706 520
49 860
770 319
29 964
660 1608
1106 1413
199 1538
1744 1612
1314 1724
1981 969
816 1451
226 1701
1092 1394
1595 1166
1162 525
976 224
344 527
208 370
1460 1681
1831 120
1440 614
1806 215
1859 1854
1438 51
1285 1980
216 46
520 280
1304 286
811 1464
523 1623
1838 376
167 1027
1190 344
1249 1955
1468 1088
103 265
1937 428
1269 763
1710 1603
1942 144
887 1714
1573 983
934 1017
52 1408
956 1530
1551 1525
1925 1721
1527 1489
462 767
1187 530
369 1888
1373 1114
31 71
230 842
1445 1017
508 635
231 1723
923 358
760 1506
1137 1024
738 939
1843 975
414 692
314 1824
1276 620
552 442
272 829
520 1518
843 1767
1782 1016
307 1814
1544 786
496 1574
1880 1360
320 1110
1899 174
206 1035
687 17
798 1511
386 1980
272 1591
346 1590
1905 1101
1046 246
1901 1363
1103 159
1599 872
1645 1631
1381 508
1719 258
1069 1966
1794 1992
1806 1040
1200 1252
802 1254
688 1997
1646 558
127 1894
639 825
726 415
184 1462
993 905
1833 1480
858 510
1155 210
127 924
1696 930
95 1045
708 1038
252 487
1727 776
75 927
128 690
700 1663
1527 379
1128 1551
1396 1304
86 1201
723 649
1567 1501
1837 1359
147 1362
1492 289
403 740
1849 1525
154 293
999 174
189 885
1803 1935
280 17
520 537
1571 524
1940 958
457 1831
233 1993
1768 1489
1613 275
1450 1179
211 1179
1279 423
1422 1640
1849 1606
1670 1775
1904 1909
380 671
1531 1492
788 1720
1530 711
521 1862
1418 1092
1030 1747
564 1626
1361 151
700 747
145 1984
1381 16
1207 1962
1447 1735
1081 1732
41 414
79 1774
925 853
371 1629
1992 1093
1904 1828
825 1923
1686 419
892 1936
468 806
464 1113
1938 1705
981 1313
1106 155
318 61
1888 524
1068 290
2000 938
934 539
567 509
1940 1364
1767 742
1635 722
423 420
1158 1593
1170 789
740 1637
93 457
206 1636
1925 641
86 833
642 475
653 626
402 23
1195 489
1564 1
352 843
1368 396
124 6
277 1379
1707 810
1943 1230
407 780
1594 1737
1951 1832
899 391
1916 526
786 870
1677 658
999 366
240 661
96 3
560 721
99 202
1503 239
1505 1305
1267 1017
12 1951
1195 1032
1326 36
882 368
1736 1660
744 850
1253 317
190 942
1071 162
732 498
900 382
1357 232
1497 245
1040 1143
736 674
851 1369
175 1887
1187 1606
1416 560
20 313
503 1098
503 1789
1099 1188
1520 198
627 965
1608 460
745 235
1681 1327
1274 835
1469 83
94 625
1466 1505
138 398
1456 135
1793 1034
238 781
1531 1283
1001 821
1881 630
359 1675
188 511
117 1928
1976 722
1625 1075
971 1429
984 1458
341 871
264 583
359 777
1833 968
121 909
193 1847
1170 1391
385 752
1906 961
1121 1329
1048 1973
6 1032
627 344
108 472
1388 1945
374 506
1772 913
102 741
145 1267
450 1453
814 800
1241 558
400 40
170 1337
403 1991
1753 1545
1221 194
1220 1932
1202 113
1311 1839
1328 510
323 85
1471 1899
796 1070
166 1467
1860 1136
1558 1653
1759 1513
42 381
465 1237
1860 1689
1936 1876
491 1346
658 88
952 876
928 235
881 1377
75 397
267 749
1642 1355
132 729
1748 1830
400 1052
1023 193
1046 547
713 521
530 1192
877 472
526 881
898 1016
26 1975
860 797
1477 1257
315 485
647 335
568 1400
1645 1971
1578 1872
1407 406
1664 1828
807 645
1083 954
1196 339
1223 598
296 1258
1801 1736
1393 954
1597 263
1854 1924
977 1966
1779 290
1462 552
468 73
197 1332
1681 564
1480 1415
1633 111
1672 1838
438 201
816 739
578 365
434 782
258 650
1617 642
30 1921
1007 1317
1379 1014
803 638
1575 850
1659 1064
1851 1244
1127 846
1403 1302
626 565
1571 1384
1562 1452
1685 1624
500 1839
212 503
439 708
1149 1300
1998 1195
1416 765
298 1091
1113 16
1869 871
1999 892
174 859
209 357
1386 1168
1074 726
523 1058
689 1440
1794 1359
1141 977
1200 125
766 246
722 671
1265 666
646 634
1729 459
55 306
1219 1004
1401 509
408 533
96 1356
569 1500
81 788
579 409
1709 1431
949 1830
1486 47
88 219
906 282
1313 659
1592 998
1159 133
905 1115
1212 1606
1051 1248
1252 1194
987 1039
600 1465
1006 967
164 1944
1170 1520
365 1788
1970 1511
1214 312
471 223
1049 228
530 765
1790 1517
23 248
912 730
1207 516
1633 1365
569 41
1933 510
1384 1189
769 438
995 491
855 827
1867 226
762 1021
143 1539
1156 551
372 621
1143 1425
1182 1187
1689 1486
411 7
1705 1764
1459 544
745 1398
261 441
1751 1564
342 468
17 1600
471 1209
1013 51
333 1343
1795 1947
23 818
1852 1757
1161 305
26 943
1959 407
102 1923
974 1628
1316 1648
1178 932
444 907
358 764
285 1063
1088 795
1466 1615
1476 210
1335 212
37 1034
1788 1143
1105 833
1900 1166
953 315
1948 1044
929 1819
1782 1368
805 1240
1511 1280
1394 328
1641 173
1038 1008
1183 679
969 1942
1588 1390
1623 826
1720 1131
1417 915
187 350
1645 1518
712 146
569 1000
1401 794
1627 119
1540 1381
1095 220
1965 963
1018 372
369 791
1762 174
1281 1292
287 625
1925 456
849 273
1320 436
272 1690
1888 742
533 129
1219 1816
560 1714
1119 784
591 622
1166 1314
689 522
1687 1074
1860 1729
557 1734
610 1527
175 1130
468 437
628 1965
830 816
1725 1785
1111 1622
872 1630
761 165
1807 1608
1118 299
1194 547
955 408
1900 1267
947 1797
351 621
1148 1126
171 1715
1342 708
660 1175
1881 1395
871 1310
1573 1249
1278 305
605 1369
1146 135
863 625
1675 1361
432 1524
1665 137
1176 645
1156 676
1878 702
1902 817
65 1091
24 1351
993 1535
1449 245
905 147
125 1184
76 1481
885 1550
562 97
836 1176
764 1621
768 1546
1517 1772
1078 888
1963 1782
1035 575
777 1898
493 735
236 1975
903 1545
1113 1780
863 1681
1269 1416
1384 1157
424 980
1750 1780
1411 567
156 543
290 235
1454 1235
1176 694
619 1018
1757 1823
213 1415
1196 311
1514 1313
1739 1665
976 874
1926 741
1027 1174
149 1909
1754 1554
882 1693
1212 49
319 1564
596 905
1296 293
1532 1826
16 680
66 648
684 1440
1609 1848
119 1327
856 1537
1983 1627
1805 1873
1147 230
164 1688
400 771
782 1548
1285 785
1275 484
1570 793
1803 1631
979 635
496 1527
477 1353
1774 695
110 1968
1810 419
970 599
857 1726
1649 863
1217 656
1153 1735
1340 954
1498 474
1377 34
1090 46
555 750
1474 1742
1974 1029
163 1764
1316 1719
1019 162
778 1742
55 988
850 572
1955 1848
1170 1061
21 796
1310 1236
1336 1779
1923 87
195 127
1558 549
1898 1573
73 1602
192 552
254 408
1001 440
683 1704
1255 1349
1331 626
1171 974
814 1031
245 1676
958 516
1476 1679
493 1513
1065 220
1100 1713
269 1294
117 1763
1331 1177
1401 922
1159 1983
1710 1405
1426 158
1113 1179
1115 1737
865 158
1096 144
1955 916
1197 1038
1983 1476
7 423
697 327
1183 789
19 609
1607 1616
573 1919
1519 243
1967 341
310 1804
467 1745
1662 918
1 1699
1023 1400
637 602
1845 1950
1699 1367
343 1558
1499 490
1786 658
540 30
1174 1307
183 990
445 1863
930 1020
600 379
92 1033
1555 379
314 181
790 1784
677 995
951 237
1506 1045
148 1024
1315 970
1572 178
250 795
189 1465
406 1306
1321 1796
233 68
1055 863
819 700
1821 726
808 1911
1815 479
1428 1043
854 1193
1914 1535
569 1174
1777 551
1587 1573
1358 1154
1480 1611
1781 430
514 1408
1268 1039
1200 624
1796 1210
463 500
1389 1511
664 838
723 933
210 1943
1206 227
378 1839
337 272
1038 681
1879 756
149 1217
1318 1238
870 118
1245 243
1636 1344
161 111
182 1680
244 1934
937 1313
290 1836
1470 1115
1736 857
620 1320
12 799
641 1027
1722 6
63 825
997 316
917 1526
1088 661
1112 1463
21 1611
1777 1574
1502 1150
1891 860
1034 1660
1256 185
884 478
1859 974
1308 1306
107 535
1769 76
987 812
1874 1834
607 367
237 1935
254 79
1694 1467
830 786
608 294
433 1539
728 1159
1220 1726
507 103
224 1278
880 1515
1644 1970
990 1172
1750 927
15 353
283 424
1543 1069
1263 1699
206 567
637 918
1748 893
815 1124
559 1606
224 1401
1527 805
1261 67
1907 1868
908 699
570 636
1516 1587
168 1298
1212 1908
1897 242
404 1914
1227 166
1653 583
1029 695
622 1053
1620 1878
794 957
1535 1640
260 703
1568 1401
415 1944
1686 774
1728 39
549 1176
478 494
796 392
727 165
481 1246
1114 1142
1844 1771
1039 352
1712 1478
59 417
1438 464
1560 888
1639 680
676 1758
1765 1345
98 1704
1195 293
315 890
789 1682
1585 1920
1587 1108
17 19
40 1493
307 1136
573 1076
1900 643
1847 1361
1022 994
1986 546
1443 1059
1372 1554
1191 304
979 852
178 1639
60 247
84 689
1014 862
1071 419
622 634
249 343
1277 1673
1049 773
711 499
1250 1180
1171 591
884 1289
1401 1616
138 474
1009 206
1128 1343
1912 486
1191 1967
1242 1782
453 688
534 185
1487 1190
1152 828
1726 1175
655 1227
261 1254
388 1472
1386 191
1541 88
12 1322
457 1946
1222 1154
776 498
348 250
1940 1050
1630 1771
880 662
476 1837
1241 524
800 116
390 1437
227 1820
1244 375
778 170
1423 386
1287 839
61 510
392 580
1716 1228
1324 1389
389 1419
1218 1433
1615 1896
996 1996
1499 744
1691 882
1072 704
710 927
776 655
1812 1974
1022 127
1319 551
484 875
134 994
765 283
842 1862
609 111
1834 1084
46 1271
1051 1779
276 696
1414 1693
1667 1613
1088 849
1570 1076
155 1043
1399 99
1886 379
1676 1475
157 1439
1076 1514
225 1833
612 781
426 694
1778 5
688 1253
1496 1772
1075 884
695 1669
1800 813
876 1224
498 1755
1133 760
1958 1883
1887 577
274 3
670 1269
587 1765
1609 1684
556 1185
1923 1644
1825 1193
833 632
1360 884
1746 502
1534 583
1674 566
547 1948
1934 449
1147 461
971 1026
20 373
512 898
103 1250
1767 1480
706 1028
1385 1031
200 641
812 1085
885 214
961 718
1935 1081
1047 326
1696 544
411 20
394 344
705 212
587 311
1848 1703
1658 1569
889 1821
1561 68
469 867
571 1721
627 1540
1750 297
542 1264
1610 1844
1446 1587
89 1052
1033 907
532 1781
197 996
1220 106
1695 1209
1548 731
1638 1610
1537 699
1197 1857
1807 1865
587 1971
1675 392
976 1463
1218 1573
1125 1589
1808 1860
1402 1333
1933 1118
1045 1267
1918 23
1026 926
715 826
816 339
1056 1316
406 1415
1952 1146
665 507
1838 3
627 1122
505 1279
360 1664
472 1626
722 268
480 846
1804 1826
1835 383
1538 846
1450 860
1298 1776
175 162
1137 1494
1261 410
323 153
1855 1006
1085 502
1812 1417
1907 448
487 1852
150 1377
1547 910
1585 1225
591 1256
1176 854
450 617
1191 761
1427 1250
1647 150
1727 702
1012 591
1403 1882
358 1442
1252 65
362 609
948 280
58 465
799 1870
515 804
303 837
1592 1178
1701 1166
653 77
685 1867
893 8
359 924
1111 1943
172 1884
813 267
512 1627
742 1457
36 1602
186 1876
945 90
693 977
428 234
295 1456
271 830
1911 1580
13 460
154 1320
1814 1277
468 1761
492 394
244 956
664 308
151 357
1132 1868
337 1781
1678 484
1877 133
1844 972
751 378
1745 1354
869 1163
1324 449
1493 1086
756 299
874 280
102 864
1947 1853
1610 165
581 419
930 580
1187 1021
1833 1402
1345 1364
8 688
1785 1066
879 574
1255 996
1956 58
431 517
1447 940
1474 1719
686 493
109 273
1536 1961
82 70
891 1464
28 719
1677 251
1870 960
1647 1872
238 599
1562 1347
1092 446
475 226
1914 1205
1931 1258
994 1300
1295 395
1038 1539
218 148
1125 39
566 1646
102 1675
775 1339
1527 455
691 1746
1370 1896
1965 441
1600 699
770 1414
274 452
664 1756
208 735
1777 1891
159 818
544 899
229 71
7 1428
1228 697
1042 142
699 1376
21 1821
513 388
881 1529
431 790
73 445
149 29
720 606
1651 113
294 1446
125 1593
1026 417
740 661
208 1671
1705 810
1248 608
1939 1985
941 1113
1565 408
2000 1742
1404 1350
494 901
698 802
495 383
1142 1067
1463 295
147 231
1076 1144
126 1019
262 647
802 1988
547 1661
1586 47
74 1188
858 53
25 1975
1359 1067
751 1312
1215 1237
193 1297
805 698
1157 1717
1412 1386
264 1065
1783 1067
58 1950
1310 936
695 371
1407 106
1368 673
1559 1065
1656 208
1556 539
753 425
483 1004
1387 1577
760 1243
1979 1028
220 1247
430 1363
1819 888
667 802
437 562
13 214
827 662
33 1583
500 90
1436 41
845 538
1146 596
1394 377
1197 213
1458 956
1777 1295
1094 1227
675 798
1789 655
18 787
578 1933
760 1435
1999 1523
1680 1751
1390 800
334 1014
1405 681
1289 299
1929 156
975 921
712 1370
434 1187
1099 1673
922 1915
374 132
1205 517
57 542
536 1602
829 1010
1284 1285
126 841
1996 1249
1046 1198
22 1123
252 1589
343 848
1014 1180
560 320
526 109
1388 50
1799 1049
1967 1129
965 1981
83 1539
208 1264
752 1822
852 310
1630 920
329 697
1893 894
856 1329
1596 1718
333 124
1794 781
1411 1688
1502 132
1392 484
1929 1503
1933 1603
945 1864
696 1075
1450 611
1089 621
1775 98
732 871
1135 871
1034 1101
1181 28
1212 135
1086 1455
380 1865
1167 1849
1278 1808
552 181
438 1983
289 1928
641 1850
633 110
739 823
697 93
409 765
234 699
1325 1774
1910 615
1209 1279
23 755
529 834
283 1937
1590 680
1690 558
77 1895
137 844
1059 32
1741 1717
1277 1286
270 752
1524 1246
504 638
1348 602
595 1997
1110 128
1669 74
413 1073
722 724
1325 157
1719 1407
1348 1569
496 625
1709 4
1082 1462
1793 1139
1420 1169
1811 1208
822 986
1812 756
1268 1707
698 1103
1161 1911
566 154
112 516
218 1846
278 1709
32 180
523 1942
1822 1668
31 311
1349 715
1991 1006
1199 995
87 655
1149 550
657 1336
862 878
586 1432
28 459
1076 297
906 1303
1896 1188
1271 403
718 143
1188 140
331 824
497 41
1884 98
1697 1949
292 1124
427 1386
746 831
1357 171
1416 1689
888 886
1817 591
569 1709
1228 1739
26 1178
1099 751
1258 1581
1532 247
75 78
567 265
1879 1994
1469 317
917 331
1991 1495
1280 453
1305 330
1199 268
594 1099
1507 1904
412 501
1685 1912
1906 960
817 323
1490 934
1629 435
833 1068
911 1124
1055 21
668 1787
1854 159
1929 1732
65 447
473 337
1169 1510
1802 1372
1802 1303
1792 575
931 1107
1898 1793
605 1125
512 650
1773 1735
7 801
1582 856
427 1768
1507 298
1777 288
64 601
1776 1118
429 163
217 1606
1332 566
1237 1988
1011 792
313 1724
643 470
1339 591
1116 1064
837 1069
534 127
541 343
45 690
930 1935
1022 956
1546 592
1536 828
270 76
95 1142
960 324
965 978
1355 1299
1291 1491
1720 545
80 727
158 1683
1678 1037
126 220
1626 362
1460 456
485 387
1421 1687
1280 345
1538 282
1902 395
793 774
104 1048
777 1709
831 1347
1100 1235
869 1358
1077 117
54 883
212 1260
949 1261
1871 783
188 1540
597 917
547 377
1160 406
828 1987
259 375
169 510
1351 1942
1034 1356
832 604
630 1856
563 414
1696 1336
1493 875
121 1238
23 340
364 1187
1697 1181
1098 809
1560 1886
1805 589
100 1035
1523 347
1721 97
1645 1160
1829 381
1149 1490
604 1648
479 1129
1864 1624
511 1054
1854 528
663 213
837 1148
897 1180
1225 338
273 1296
1240 221
291 476
1156 362
832 166
920 1037
1593 1450
308 1995
1569 1516
340 1655
1008 1419
1546 248
799 62
1182 792
1371 289
1119 1855
361 1970
186 110
461 1646
113 1238
1553 151
1812 580
951 1712
852 579
485 218
714 1213
267 941
855 285
138 1822
585 1022
1103 1503
1721 1041
1670 952
1736 903
977 96
1840 1084
1285 1127
748 25
100 1829
1503 115
1295 919
1928 1276
1048 237
139 908
1677 509
632 268
767 962
1825 33
626 1231
759 1804
1415 703
293 1307
730 650
1882 1237
489 1368
1404 1172
993 1889
1355 85
1375 287
712 794
1152 1259
1055 22
1524 872
1815 585
933 1635
834 1860
1358 205
1834 555
1978 1928
990 1068
1434 1185
412 1002
1356 1109
1292 1428
182 1305
1917 1388
1531 226
101 311
1264 1499
1711 1795
1578 607
994 734
1531 1223
1937 511
1459 174
1960 450
1793 1973
765 756
1776 1791
1033 1708
1850 532
354 1052
257 1348
1390 1601
1809 1927
1763 1140
1884 1086
1957 1287
1198 1755
585 1716
1731 491
1609 1057
1608 916
399 997
1871 303
1745 1688
788 434
1979 156
193 947
1643 1959
452 1892
1177 47
618 544
1306 1461
67 754
1529 1521
173 1796
1423 1349
1430 347
320 1019
1713 312
1616 784
814 177
37 1650
451 298
838 535
1730 1825
153 1079
1484 422
84 1804
1216 850
151 1165
1298 1579
474 955
36 695
1173 1327
413 1004
130 1855
1242 389
1792 105
1931 449
954 342
350 1959
307 745
402 940
925 384
1406 1487
1230 396
1728 445
1342 1327
798 459
1388 330
1522 163
1900 1556
1929 1752
507 1229
1961 752
1689 1652
1294 1775
952 1446
376 869
469 548
1531 1548
1867 1744
985 462
376 1226
887 283
766 203
1721 801
1674 1979
2000 1376
358 296
1552 143
1116 1437
1434 1657
1334 1664
1042 1676
1454 235
1718 1530
1932 355
1447 907
1356 1295
1360 1660
1654 684
622 1368
481 1710
1715 769
1264 1290
1401 926
33 9
1183 373
901 139
737 1081
1384 1216
323 1523
1632 1015
1293 741
187 1328
1611 820
10 1484
1843 1473
117 1600
1915 1667
1754 1845
186 896
853 82
1079 1443
584 1184
1866 1099
1470 1601
1794 294
1164 542
1150 753
1269 1583
1717 39
735 623
1465 1288
646 1273
1057 1619
448 1025
1082 563
1571 802
393 868
1681 1151
801 1263
93 1813
1634 1819
621 973
1461 388
910 1988
1582 114
1618 1700
1177 1816
799 945
831 1383
1176 141
184 1268
893 1182
1690 675
287 1241
1713 172
1577 1443
500 1986
1208 739
808 1374
720 135
563 1765
1597 1820
1835 1825
1997 951
1673 1861
779 497
779 1721
1450 1521
488 1908
1266 1889
1457 957
1726 1614
1773 378
1858 985
302 1195
1486 1659
1662 1455
1391 1596
460 1725
1714 895
1418 480
1148 17
804 1192
326 1001
1243 56
1090 860
1976 174
1081 893
1818 679
837 557
547 1314
1856 1229
766 256
1682 224
986 244
276 99
896 962
1006 1613
1062 1329
1599 1212
51 1841
1843 1015
1039 1378
415 1517
980 1530
1584 1673
246 733
557 1969
418 352
1525 72
1714 1511
1396 1399
1029 434
1309 1977
545 1852
76 756
1268 787
866 1868
814 588
157 1805
132 613
361 1235
1766 59
1407 1216
1971 1786
316 1483
1321 1377
531 1428
1625 432
483 251
20 773
1618 343
1535 593
14 1779
682 215
913 1384
1517 1770
1068 314
1299 191
1673 819
967 963
77 969
1208 146
50 795
373 1060
23 1448
155 1549
1372 682
592 1815
472 1093
1726 717
1114 1806
122 485
1371 1010
266 121
1325 1947
121 878
1049 687
1793 529
1913 1404
1124 1905
351 684
1005 20
1216 1972
1960 246
607 1304
347 1333
582 1260
229 389
1926 569
1672 1145
1551 999
1229 216
1427 1680
593 574
1619 495
418 454
933 681
1087 771
1341 1177
934 1152
902 42
330 1254
1733 651
104 1531
190 92
1174 1216
1483 669
868 1641
617 523
1003 331
1953 1251
1377 603
1203 1073
1547 231
1282 1279
189 1239
1954 864
1911 336
1955 1930
681 113
100 107
1294 1065
603 1778
24 721
1323 1380
563 1848
1727 56
452 1763
124 240
1786 1964
54 1013
1280 833
1897 1592
1018 701
1697 368
1167 1749
575 979
627 242
1369 440
1990 407
215 1214
1073 1761
1811 519
1561 1623
1432 331
399 1400
1292 1144
839 60
597 347
448 1968
1415 601
680 220
868 1042
1892 1942
1954 616
1639 1518
625 939
775 465
1006 665
1582 621
976 1007
258 417
1167 1039
1612 1722
300 495
626 544
707 882
491 548
194 1425
346 30
413 1586
1181 9
106 1060
711 1738
405 766
1436 1901
1429 123
685 1353
1138 1312
1710 1178
539 850
72 1263
470 1535
1476 1302
887 1730
1724 954
1692 1453
1901 1513
1332 713
665 1595
511 1080
1325 1564
982 1885
1548 1698
189 635
904 1066
381 95
1831 1453
91 1579
1875 947
241 43
22 975
1177 1536
315 196
1027 1820
1321 1436
1018 48
1764 363
891 1092
991 1577
762 48
1423 24
281 1221
1960 1366
692 410
477 136
11 1792
36 1643
1238 167
1276 38
443 681
1071 421
1910 29
1125 93
64 1723
1858 153
634 988
477 1408
1155 1040
1266 1863
288 772
1637 747
1477 1363
1109 1636
139 1244
1516 1677
1766 35
510 716
826 1951
1502 982
417 976
853 1982
1941 831
112 873
1242 293
555 811
1078 1196
293 1594
931 617
151 885
1877 961
125 1731
725 1879
1772 224
1280 429
1184 664
674 1087
922 4
553 263
309 919
259 1343
1658 1310
1269 1684
57 1862
9 1905
222 1256
1546 437
874 1976
809 769
1990 1211
1985 1526
669 1975
749 380
1543 631
769 566
944 1084
93 1599
422 1604
40 912
144 1076
1797 239
1455 1974
1766 772
405 548
639 865
18 245
439 956
54 1957
556 836
416 261
114 1428
832 1584
1062 1886
309 520
1193 366
1494 705
1512 446
182 1060
1286 302
1367 760
1354 401
1700 990
947 1736
845 584
