2000 2000 20
1073 1514
1249 488
1765 1695
1995 1594
1328 673
620 377
254 1856
22 936
997 1754
42 172
1510 609
1109 1439
334 188
1784 1718
640 1482
1357 257
1453 1735
1772 496
833 802
735 1400
1451 1692
1439 1227
1882 397
1933 1106
1049 440
1046 1990
76 331
1252 597
1552 1581
1231 471
1612 671
1985 889
489 311
1499 360
1241 1728
39 295
142 924
323 124
1767 152
548 234
577 1591
1027 830
1744 473
1204 903
170 915
340 1814
1148 1819
463 185
1086 1342
1997 1439
1674 883
520 141
1174 1664
357 918
641 1006
1086 352
75 153
1340 1389
97 228
1078 621
742 1415
17 1591
554 1400
468 1613
1866 151
1568 1359
1474 1908
1841 1044
833 1103
1800 1598
1714 1721
1092 1542
951 473
1783 886
481 4
1546 228
848 1524
1315 279
1902 223
1976 1913
1696 192
491 1938
477 649
1064 1572
1917 993
1845 1125
1133 1949
1741 1826
1587 130
913 477
695 381
179 13
6 1033
1664 1012
1897 1964
1610 1962
906 1460
640 842
305 449
1944 725
495 1173
863 497
499 1739
851 1023
1409 1197
956 1310
254 813
1684 904
879 1806
411 1635
1309 1324
463 229
235 488
294 1297
452 1340
106 1347
521 1817
1349 353
400 525
1816 596
1551 38
269 1446
1561 1705
243 1306
583 466
1147 347
474 1481
1781 1717
1401 759
1936 1664
1537 808
27 183
114 900
190 799
628 1843
945 765
1658 1459
866 970
1145 722
672 487
1817 1095
1715 1690
332 488
1979 1335
625 1956
1326 258
105 1277
219 1794
1244 1738
1292 1766
1155 1762
460 786
688 1573
135 1665
1353 490
1092 682
1705 1728
1710 556
660 1798
1244 953
205 1746
1751 721
871 1266
324 1054
1388 674
1033 1289
235 225
1599 997
1600 30
886 857
1899 1413
718 987
51 53
198 1142
40 635
752 1436
534 1965
655 1024
1423 1099
322 679
262 1989
873 1428
1849 449
1117 1031
590 1373
854 1379
1520 548
341 1376
1725 1872
504 1854
356 351
821 383
1191 27
1321 42
1484 990
155 157
388 1806
591 1728
957 555
1180 1629
1965 293
1274 484
392 803
2000 713
271 110
1444 298
287 1345
668 1550
109 1415
1963 202
750 1545
1506 578
1885 1123
553 828
1378 874
1368 75
1216 302
1093 1497
1308 899
343 1511
1906 1573
131 1732
1259 14
44 1148
197 338
213 1258
307 1177
336 186
87 1574
1161 179
1838 1986
1706 1398
626 488
582 1261
168 61
861 1628
1357 843
850 1566
611 989
684 389
170 151
1323 1891
1921 536
1634 1782
744 1317
1487 1089
1510 1805
1696 747
483 1678
899 1940
1445 278
395 115
1933 837
1508 311
1532 528
631 1423
94 1092
1987 159
1917 1032
942 1544
995 45
1009 6
1664 868
120 57
1709 1900
671 1394
514 1312
1526 1541
460 1346
816 1807
540 501
635 1579
1693 165
1047 1374
1662 1405
924 1659
1363 12
261 1893
177 1557
485 831
434 1989
1333 620
448 1184
331 56
1675 275
1974 1229
534 1432
1121 642
1290 1060
379 865
1303 1085
216 502
1439 1579
717 594
1346 1589
1586 79
1631 928
1170 674
1636 959
819 601
1935 1169
1619 991
1844 1665
634 1879
1157 968
545 70
443 152
972 1843
737 13
1077 1758
565 1540
342 1069
934 33
1632 379
752 1279
268 1972
431 1654
596 208
848 1515
182 1966
1168 1432
1207 1034
568 661
190 674
1360 420
211 1525
487 507
1192 10
944 236
1041 36
590 865
146 1053
1573 1863
447 1481
275 1099
1778 251
218 889
1527 1588
125 1606
474 1827
1986 1656
1984 1780
58 1684
1254 1816
433 1199
887 300
446 1863
1957 1009
1065 285
1893 1204
793 1949
836 991
920 1608
1971 1671
1919 540
1133 791
1605 473
1186 370
790 524
233 417
1843 292
1024 1257
451 1565
1335 861
1169 1000
311 1150
1973 715
1453 1212
1619 1435
383 471
686 1696
1619 1649
986 1438
905 1016
1822 23
314 266
1573 1176
1981 1056
999 975
1966 476
1077 1978
1065 230
511 719
1873 1782
1743 1979
196 663
632 1776
1912 1461
1405 1008
1497 166
1384 543
1749 332
1039 1541
175 657
1457 707
1897 1138
1768 535
859 1288
1912 949
894 1416
864 1645
40 1916
421 1148
1085 326
1672 1333
1628 378
918 1661
1433 337
20 1083
1905 1363
794 199
1005 1615
1970 1293
1392 469
396 1088
1106 1091
154 1880
1666 1037
352 319
1348 1271
1815 1832
1830 100
1739 1875
1412 254
367 1417
795 1674
1593 895
1100 703
1605 1118
1061 394
1233 614
359 711
1558 1113
20 978
101 912
1837 937
591 1657
1694 813
1591 633
319 714
258 1777
678 1393
1387 942
422 604
829 1552
1455 1310
54 1774
1428 34
1703 1267
1139 1422
833 1677
1728 202
1760 882
632 12
184 1464
1623 637
1281 440
1116 1443
283 326
1510 1184
339 1480
1543 1016
1713 784
1712 1864
772 1337
1688 339
580 934
1557 201
224 547
1272 911
252 56
1376 774
390 744
1047 1519
150 1962
1733 936
1669 1551
1481 823
371 80
1926 1612
209 80
1111 171
569 665
812 1778
232 390
533 525
1385 324
1023 1810
1113 279
1819 123
1183 1814
92 1569
1931 1262
1426 738
85 243
159 1159
1742 1714
912 606
1297 1582
93 1113
133 1410
331 778
1384 221
818 730
1941 766
1549 947
615 246
1303 1911
1028 39
1047 523
1883 192
1809 116
1267 1945
272 1490
182 33
1398 1931
1460 1294
1998 798
1424 726
556 1380
851 305
1402 407
1316 653
221 807
489 1269
884 971
1534 90
1196 542
86 1026
268 239
510 1572
1253 440
445 202
1556 1139
1876 1722
1890 126
1286 1184
1125 1335
696 1610
459 1717
1993 545
961 1425
1178 1995
678 811
1858 1816
722 998
243 1222
329 79
734 762
1517 1720
187 22
844 1701
1723 1944
1945 1407
269 1193
1793 492
501 153
1063 1020
1813 370
950 1623
1681 229
1840 1089
1380 315
598 1667
1151 842
911 626
699 706
1804 1486
217 84
280 678
1277 1860
809 1361
1954 1745
734 784
849 160
1820 1427
1997 1190
1764 1470
519 1044
682 662
378 23
1294 1319
797 1441
304 286
1795 444
292 646
1351 1508
380 1055
1407 1878
1153 1512
1309 1311
880 960
1347 1074
840 1404
652 356
705 1132
1377 1276
664 653
1509 1086
282 1464
783 1298
1406 175
648 1970
575 513
1498 1159
981 1329
602 123
55 665
451 1018
1915 504
35 518
1236 678
1687 104
1005 1442
380 353
1597 347
304 781
1452 1429
1353 1912
17 1075
916 1937
265 338
1905 1852
1794 1693
1584 1199
791 65
1885 549
1290 328
456 769
1102 522
227 806
1251 259
1422 41
627 698
1956 1580
1110 339
112 1502
857 730
827 1087
656 772
345 1383
1777 1343
1186 588
1249 1679
644 628
1383 871
1120 81
660 127
565 1284
1228 1314
1213 1336
628 399
1712 304
1248 145
1885 800
1199 215
39 246
1010 1529
1831 321
259 479
425 1484
1753 168
1999 553
937 848
472 1752
1087 135
1697 228
1958 985
122 1206
314 860
485 1968
965 1605
1511 821
1681 1540
227 919
1389 1695
371 1951
975 636
1225 1218
1045 883
353 416
1896 1191
1603 1199
1312 804
915 1188
1962 1470
1363 1887
1195 149
546 424
1644 489
212 243
1946 550
858 1622
463 405
20 1094
470 67
1069 325
362 400
1790 106
1506 864
1036 1254
532 1240
1637 1541
1545 938
1756 1309
771 197
723 53
17 1282
1067 1724
251 1730
31 891
1877 495
199 176
1960 86
948 1357
430 1914
1906 1738
691 770
752 259
325 1343
1110 1719
1076 179
1493 734
265 866
1062 1430
822 889
1898 801
1172 397
730 587
316 1715
338 573
1146 1104
949 1043
575 536
390 522
1033 1002
1046 1208
621 195
1017 1030
349 1125
603 1004
1694 237
1723 795
593 437
1694 278
1580 367
1214 884
1197 1009
318 207
1208 1569
251 300
853 288
563 1482
1973 893
678 1736
75 494
944 1733
1032 1184
173 77
171 1287
691 20
589 1957
1903 1120
748 655
1014 457
821 566
814 1655
708 301
1459 1997
390 1224
501 932
716 913
269 1759
1920 9
108 1794
1767 1786
1211 1058
774 629
522 961
1784 1940
1992 475
622 1988
720 1201
1655 924
516 495
1418 177
124 1477
1974 1187
1809 1272
1280 1302
936 133
1521 1146
1083 1270
222 109
1048 1107
1999 454
200 1622
1447 1792
1751 973
1680 1287
68 1158
887 506
444 826
75 119
1569 1932
1725 1354
87 1193
1996 296
651 1238
1344 575
136 898
1421 679
798 131
262 1600
788 1053
1052 1669
752 1688
1493 320
1312 534
243 1392
1937 344
324 687
1673 1514
1005 269
363 13
156 576
1432 542
618 600
204 645
1533 130
782 1656
492 876
1032 679
707 1450
1169 1867
668 1897
548 1496
520 1219
1870 536
702 1183
650 1019
228 579
1994 772
608 874
926 1020
33 1140
1508 1975
1479 209
1818 1918
1349 1500
1577 777
312 1952
113 1363
36 1560
1627 1226
1585 385
1058 1716
233 444
1152 448
134 710
1496 1377
1676 1643
574 1794
1153 78
1364 1574
969 754
74 1950
1910 74
1292 877
902 1505
184 1141
935 1132
1313 1240
1253 1650
938 1685
1341 1775
1796 1857
1114 1197
1034 1497
570 1958
1108 306
815 1226
1084 1548
803 262
1960 1620
71 1900
1515 1352
1640 215
722 1422
849 1870
1880 1707
360 290
35 592
189 1934
1141 1186
330 462
69 1222
54 167
1082 1388
684 187
593 772
1126 1536
1923 1546
851 1304
1935 328
365 1856
1184 1779
16 955
273 1204
1207 1656
1347 1216
1359 581
1600 721
693 1932
1054 629
254 925
371 1153
1881 729
2000 1326
1467 1181
1402 117
1307 1487
382 1092
1259 674
1890 1381
1014 1811
366 883
1250 1149
1700 1748
143 1855
380 1238
1828 838
204 1870
49 1045
1704 1349
1487 667
47 1191
859 1345
1621 981
1038 815
1075 1747
62 27
1284 35
1652 1407
1345 1403
103 237
1391 571
1265 1932
1381 1252
1590 666
765 1313
12 191
883 1909
540 1599
1455 1585
1487 1683
1556 186
627 557
372 691
1209 1827
1008 768
437 798
313 1976
70 1983
1591 992
1897 1132
980 1458
859 60
1947 440
1702 143
1262 1154
321 614
1295 1961
35 57
1808 84
567 671
1592 831
1506 91
1592 712
744 653
647 1643
1829 1003
1827 1633
1647 410
988 1772
1264 399
664 1235
1905 241
327 1518
1576 396
370 619
1387 726
1928 134
97 610
434 1485
314 785
1355 194
273 1285
460 1835
129 191
1961 613
875 1229
173 323
1219 317
453 1036
834 1262
1760 1127
1924 186
1466 371
346 824
271 490
958 1949
320 257
869 428
571 1930
1468 21
1675 6
1401 287
388 403
655 376
575 1769
31 135
1821 790
1963 1860
555 1175
78 560
1270 1004
1815 656
1902 1583
128 593
1487 1185
648 779
951 1791
429 57
1180 529
114 457
304 1722
697 1717
230 884
267 1830
895 190
1271 752
355 848
1802 107
856 97
270 1080
1217 1801
427 1093
1948 1456
1970 605
1369 1698
1367 1760
717 988
1593 1296
240 835
1927 569
88 653
1563 1098
695 1951
1230 1066
903 1613
984 190
1123 227
1072 5
1494 1290
364 1489
1514 1526
236 331
149 161
1541 1331
1017 1512
1487 48
843 1108
484 1936
27 921
1889 1551
957 1239
1015 997
859 1071
1787 1267
564 825
195 547
1460 99
1279 1883
989 530
982 571
449 245
1065 647
1478 1229
63 196
1718 1181
63 1669
1903 1425
187 990
1205 768
897 1445
159 1449
1873 1072
1049 1565
1746 634
1040 1819
532 1081
169 636
64 1566
269 1334
283 469
137 1858
1085 1221
1217 848
1740 368
508 677
348 1051
547 163
1996 1450
1938 933
481 1873
1938 1995
582 255
930 301
404 340
583 535
314 295
81 1252
1093 1793
1475 851
794 115
1955 1998
1463 1058
1115 573
526 951
251 753
1272 1762
867 1956
1959 1162
994 163
1892 1222
1123 1842
421 1910
1395 1785
1833 1684
1768 1371
1443 729
736 1003
3 1247
1188 964
796 1841
586 1031
1000 316
1243 1163
1282 923
470 694
719 1850
1450 1232
1221 739
531 778
1291 1389
1954 43
1491 649
776 1908
848 1768
1056 1748
1604 1995
1369 191
660 780
1708 682
1894 462
45 672
1048 143
561 1357
16 1276
846 449
1755 1794
1044 335
773 131
463 158
791 214
109 1671
74 194
159 1884
1667 1734
26 223
1541 1128
86 1757
765 847
909 1712
1998 433
185 617
1177 1435
1021 88
1006 523
1839 1015
63 66
178 19
516 1980
67 450
820 1011
413 37
683 391
1423 1275
1509 1536
207 706
1173 415
7 385
297 533
231 154
1372 508
1731 730
1925 408
215 1386
564 670
24 559
395 426
1388 624
1740 110
586 631
902 436
1641 1616
1430 981
815 213
677 1570
343 1325
898 711
1 283
215 946
838 1455
1011 963
807 1440
713 1051
241 439
1380 939
1770 1408
1812 668
996 997
906 140
1869 154
79 976
153 1001
40 867
1875 663
451 1054
928 400
318 12
517 486
760 612
250 1419
527 534
1458 645
801 761
247 263
1616 1305
1112 458
192 122
583 424
1010 233
470 562
456 678
1332 1461
203 632
957 1046
1258 107
862 1112
1714 395
1998 1068
1908 259
1761 1689
1531 752
1433 1008
169 195
1122 1450
1079 537
170 387
254 539
1708 1162
281 524
602 423
200 1164
485 719
1196 889
1805 1915
1161 1223
80 1416
1960 676
386 1380
1321 1183
807 636
1393 104
294 121
716 1177
259 1571
274 124
6 1121
752 1559
1159 226
1858 1889
293 46
1607 1839
480 824
1503 1424
371 402
616 550
1580 544
1663 880
1222 912
385 1166
1163 214
968 920
1262 1407
877 1392
888 981
1951 313
312 556
841 54
288 1204
503 791
1131 151
1144 578
583 1808
669 541
1815 1333
868 1848
541 1601
112 62
1258 1705
881 1063
520 1568
1087 1080
467 910
1714 441
1595 1942
1879 714
1968 1788
1682 353
55 1226
134 1753
287 804
1522 1001
1876 432
1709 1804
1972 1235
943 126
177 291
1528 1335
248 1008
870 1628
82 460
1961 630
655 783
899 1490
149 309
1443 248
581 1478
1777 746
850 238
689 447
1280 1264
95 684
1680 1376
190 1483
201 1580
555 247
816 1305
421 652
1523 1004
1047 1902
124 1150
1111 265
60 1826
564 260
1136 365
1339 1976
880 1268
672 735
988 738
1495 702
82 1299
1763 906
1490 986
961 1772
666 802
386 661
1200 1101
915 1393
1406 989
813 1554
1977 312
1638 825
863 1951
1873 495
180 1111
988 1771
1641 1004
1943 815
209 817
1642 1815
1991 1673
474 1237
1354 506
1557 1634
32 1760
912 1538
1077 1958
1101 655
605 1938
1269 350
298 1422
1327 198
763 1349
1550 1362
1558 44
189 851
1459 1013
1488 1456
565 1794
1730 618
827 286
1961 1472
248 1880
1714 916
1160 171
123 1553
937 3
1834 1386
1242 226
924 1230
408 1487
755 1640
942 1394
1909 1574
432 515
966 1119
1564 1230
1370 303
1767 1468
620 681
797 284
1743 637
659 1984
558 1541
994 1624
551 221
1223 1799
498 540
572 1657
1263 1149
1076 1773
1324 1981
1453 388
332 1379
878 943
682 438
606 1445
629 500
1853 904
1691 120
1419 837
985 1266
1575 1826
1355 188
852 257
176 1187
1706 972
1437 1498
102 1858
1252 1098
507 1414
184 504
1711 929
948 1652
1439 1823
305 873
1141 1648
132 253
233 792
1113 1922
1438 1028
478 1235
1861 1683
1670 1738
1509 979
1884 1982
1606 1895
139 659
557 1223
1350 571
198 901
1851 1987
18 147
1251 1820
393 1812
1632 727
1530 565
1260 1960
1856 1617
1763 74
941 745
481 1789
1178 645
83 1398
1630 6
802 927
493 564
245 1318
735 754
1402 1240
1520 253
1811 509
1422 1447
867 1180
24 927
1375 759
333 953
1281 1358
359 1320
886 233
1825 374
179 1893
148 130
61 1711
1904 570
1032 1572
1461 210
1454 1213
1668 1649
1883 106
1945 398
560 375
1276 1370
1626 1390
519 1770
388 1775
680 412
1560 858
1723 1000
675 1518
1963 885
1253 359
193 808
1468 47
789 384
1800 329
977 447
1053 1948
123 1545
1823 420
1230 1699
1962 1492
832 1635
1796 707
1993 1496
631 965
1989 991
89 1281
313 907
1831 685
1865 1139
138 473
346 870
1911 1810
396 328
567 1067
112 1983
947 523
855 1190
1003 13
1983 1570
1124 173
1108 1817
1822 1408
683 889
31 297
1179 33
1726 1655
569 1828
1133 1084
1592 494
655 1859
1253 914
1016 1671
839 205
1951 604
1824 205
638 1806
1625 1988
1909 1273
109 728
852 896
962 1730
1760 1057
1593 358
436 1567
364 470
558 856
1132 1089
174 416
639 141
1826 512
1539 961
803 967
1675 731
741 894
837 1970
371 1886
323 916
1256 17
1412 1220
1829 537
1807 1869
1131 430
668 1424
649 784
390 1050
277 1023
1621 882
206 1264
1027 678
1902 805
1230 941
757 863
1209 425
1130 539
1574 571
350 1234
1061 330
461 1491
1250 122
67 138
1151 406
1300 1913
1954 1356
1772 1022
1153 585
360 1206
1416 1400
1245 718
1213 1880
1013 1035
1096 499
608 1565
614 1441
1123 968
230 492
1562 818
1167 786
1880 459
1969 960
644 1146
599 1435
133 98
1246 1102
50 140
1939 705
1984 1651
655 801
1598 242
1265 858
1576 11
149 87
1702 1366
520 1776
397 433
623 1493
1280 1573
1367 1702
1761 1058
1283 939
52 287
526 810
1215 205
673 791
1806 72
1617 15
928 872
1797 1478
1244 1011
709 159
1010 958
790 1482
420 756
1953 1696
812 552
1301 173
25 111
471 929
1182 1204
661 1646
477 1476
25 1049
432 1395
607 146
484 671
1838 1415
1123 1225
734 59
1434 613
808 159
244 683
1949 1042
1036 1077
1079 1894
347 1511
634 1255
1341 497
968 37
289 1132
847 1836
1912 510
1396 149
1665 373
550 1660
1473 281
454 488
1506 1753
1314 1796
1137 255
120 1957
1909 1535
1913 116
1012 1988
162 1033
177 1504
593 1134
917 918
465 1777
335 584
1253 147
1606 978
1316 1507
198 553
650 1796
200 249
1135 1902
1297 1185
1471 1131
483 286
1566 607
1146 2
482 961
809 1243
1734 456
1888 909
1567 804
1960 507
847 550
1443 1962
1265 1547
1684 1963
525 889
959 182
1156 408
1245 1468
931 628
1431 1088
889 1525
28 1363
1653 867
1552 694
1154 1330
489 1451
644 751
1243 1764
881 1647
1465 999
1700 1192
700 1182
1419 517
1973 557
1404 545
1435 472
192 1611
1310 1322
1898 1902
1075 1647
54 766
1884 130
1596 1891
247 790
973 1618
983 1867
1065 1480
1496 1847
1012 1578
669 1708
1007 321
749 998
1235 1020
1102 1501
369 1294
595 1072
1750 40
704 1549
846 1899
690 590
1029 749
1324 481
1013 992
55 1577
808 666
1038 974
1826 1058
1185 1193
379 325
1511 296
1891 1843
954 1796
1830 1642
300 127
775 210
1467 1788
361 1025
934 1687
1030 573
1514 1967
1059 67
925 1380
164 754
1366 1609
763 1725
1960 24
1070 1894
626 418
1736 1203
1058 368
740 1532
1921 1171
1264 1137
464 1047
1307 73
701 686
1215 1866
617 764
762 264
1420 85
521 692
1513 784
578 1113
818 449
1462 1453
409 1346
1884 1673
1338 953
355 920
959 1666
1720 1311
1591 723
1649 118
1135 1278
1846 333
82 1929
1096 1835
778 918
612 1621
1828 1516
419 1841
569 1729
29 1546
1097 1076
460 42
758 1933
745 1786
1623 1778
1056 680
1129 1004
1751 930
654 1786
1806 1451
1044 1268
906 1588
1210 1779
48 276
505 293
1210 743
616 156
1700 1598
158 1646
467 922
787 181
1784 1382
908 1028
1855 1560
658 1652
1165 1606
1536 54
1614 671
1019 181
1029 125
513 1602
1555 1819
767 534
643 1803
1643 1365
1223 435
1448 499
1189 310
9 257
1015 1112
1340 1921
607 1900
201 220
832 1036
1397 1131
1907 912
396 136
1634 720
217 538
1532 516
457 613
256 1966
832 1090
1911 819
8 1688
486 1092
1202 1490
1660 669
842 1728
1831 1903
918 1402
1388 1166
502 300
361 191
414 1086
664 564
976 1664
1895 1871
1592 1745
354 659
226 732
783 1053
529 401
619 228
1405 68
1818 1300
1100 127
1862 122
191 890
689 1119
1885 952
1311 442
876 1105
1655 1518
1593 1143
900 954
1383 1389
35 1411
553 869
1499 981
1701 865
1938 157
1030 1626
1727 1753
308 824
1588 325
1450 1198
399 145
90 550
1984 540
1874 957
510 374
976 1901
997 940
1595 265
1913 19
1452 1106
1406 1015
1443 733
842 724
1992 499
153 1399
348 620
643 1240
910 737
1900 960
130 299
937 1194
1687 384
1309 455
1653 144
1295 1549
476 627
1654 1518
675 636
1737 778
1898 1469
989 333
966 227
1834 538
1686 247
783 845
723 1639
96 980
1369 163
126 1489
835 235
1363 1868
404 1876
892 1225
708 186
1016 380
266 1941
1061 869
1189 1262
