2000 2005 20
1312 1020
1026 245
393 1319
605 453
1029 1330
867 1740
328 1092
1204 1057
1394 374
589 633
1125 461
1896 1421
38 89
1557 1562
1832 1155
1872 244
1478 1748
1151 1773
1829 20
894 1992
565 1922
1656 551
61 1163
1455 1183
1850 995
875 1958
289 588
1803 1802
1963 396
1685 117
974 1249
1279 1867
1996 1089
454 1580
1330 1385
775 736
1186 1052
1585 378
1107 723
1270 729
1528 1090
1368 1606
343 153
229 1058
247 1672
1700 1584
1413 32
942 1977
530 402
1148 1670
17 591
284 1364
1335 1849
226 635
1537 279
86 391
480 567
1520 637
991 75
746 122
940 1751
1436 3
1569 1146
1202 972
1391 294
1967 1116
987 1369
1418 1191
1435 473
13 1976
762 411
1334 1292
650 602
1858 1525
127 676
1833 1134
1055 746
1023 308
64 1220
1821 282
503 939
994 1908
858 417
1323 271
1006 525
187 1935
1293 1437
1880 869
1862 280
119 769
515 796
446 1612
466 866
712 1104
1356 1387
56 742
233 853
1000 427
356 1117
142 1337
407 1093
1846 563
1902 1205
1636 390
79 346
1555 1373
655 1734
337 1410
651 837
977 445
591 1393
1742 818
1075 394
905 1637
1749 904
1642 1251
753 435
1866 757
1590 761
1631 360
337 1600
1149 1864
1713 269
352 229
1138 1508
459 1909
146 621
711 1607
1189 1176
574 499
1051 863
684 1820
1301 1283
1300 1674
1735 342
1571 233
850 1274
652 393
1767 1308
1474 383
1577 334
1792 1068
1651 1611
111 1077
131 1773
515 1402
793 1723
1240 474
825 1586
1195 152
1370 1686
1492 474
477 1880
436 1538
1808 538
1101 67
1584 1387
593 230
197 1467
48 89
1995 817
825 1148
1452 612
1558 369
361 209
1227 1619
719 1672
1177 1363
1861 1532
331 1317
1008 472
482 557
1371 1975
552 652
881 188
1712 76
1922 1256
898 1743
106 253
1345 1336
1366 717
1610 153
330 927
1258 312
1513 10
847 1316
1429 19
1075 700
327 774
1046 848
1707 313
716 161
1746 1651
866 1464
1677 1712
1508 202
861 777
681 1780
555 1218
32 62
47 1170
70 855
619 206
1469 893
133 152
535 141
1322 622
460 1252
1483 1822
1732 1211
1462 296
1904 1388
50 1462
1193 1657
1572 419
127 1426
1819 938
63 946
57 1480
1042 426
869 1759
1395 56
1630 1598
1981 576
279 1274
1365 686
251 210
1102 661
324 58
1200 1435
1622 525
957 221
1328 691
305 1053
471 1342
1853 1183
780 1071
365 416
1808 1644
269 483
988 1302
1873 1685
301 460
108 300
1443 1757
201 1786
1041 487
1871 246
583 1444
1434 683
903 338
1632 412
15 580
751 1016
734 88
1715 603
879 1733
754 1596
1800 1162
226 1706
590 448
1993 1677
23 1575
846 586
1541 920
1805 726
847 1515
262 1695
270 558
1082 581
1762 464
521 1617
1864 1374
1184 639
1909 350
489 758
878 186
612 1355
1064 579
1299 80
1568 1918
895 1153
724 986
314 861
457 985
882 1850
137 1937
1305 313
1192 1141
625 765
1484 561
159 274
1547 1433
587 763
595 236
1262 785
1103 394
1067 349
1385 147
1090 577
892 143
1707 33
1472 879
1478 598
1724 1704
157 176
1652 1144
657 1371
1044 505
875 138
1545 311
907 793
1784 453
947 166
291 1492
1386 1709
677 800
1085 431
1228 82
412 698
1848 1093
1592 1032
840 1371
1937 1698
1434 1070
132 1738
133 1117
1475 1900
1895 1244
1573 513
837 332
482 398
1880 368
550 1458
38 830
1328 1858
570 1443
1193 1045
1947 1249
1765 650
1091 1378
1952 1755
634 708
1655 990
1582 323
5 1419
296 986
1377 1024
1815 278
1407 1502
289 377
435 1161
61 658
910 1776
104 462
1972 449
1174 1367
1574 863
1705 1460
14 877
986 1382
551 1140
1403 1494
542 313
1929 1473
767 1813
1691 1488
1680 1192
249 1188
1248 1126
1413 1610
364 1899
1747 1363
804 1285
643 1178
1790 371
51 92
1134 1965
1140 933
1279 342
1979 434
353 1384
978 755
1919 1491
1010 172
1320 1205
1139 1506
1247 1426
117 1665
362 848
539 1003
1177 1137
1409 200
1351 678
1579 1608
1608 1692
1501 1477
1033 1790
549 1578
1111 1132
586 611
820 1581
1093 645
945 1028
1299 1039
1144 1461
1728 1419
1930 1563
1374 1493
1742 22
1319 302
1925 1324
463 1380
374 1756
969 450
604 1514
1522 19
687 1321
716 598
1737 1067
1439 1607
885 253
1711 1605
1727 618
177 1424
1968 1106
1255 1519
1094 1691
871 272
699 572
752 1512
1226 150
412 1851
1043 201
692 1710
613 674
581 936
3 165
1507 1249
492 1152
722 1707
1533 1778
1091 760
1628 1011
525 1412
106 1097
29 1036
719 309
1681 1912
1736 453
53 760
1895 509
1588 1611
1040 1286
218 827
1811 593
1939 220
656 1615
206 1669
642 325
1781 230
70 852
1953 678
1942 1490
36 1075
406 759
143 388
1339 646
1893 34
919 1153
328 224
658 442
1171 100
449 175
185 917
1233 1908
379 40
1234 1326
670 1303
1277 7
916 653
1636 31
1420 77
1390 601
1392 76
694 200
893 918
1970 507
744 232
1716 473
837 1717
1412 1610
1968 143
1457 1599
1324 1903
1927 1447
8 1301
1235 1018
209 671
1334 1659
1486 1462
618 1829
265 1971
954 1681
562 354
902 1683
1337 583
567 25
237 419
1582 316
1923 1018
1094 1570
1393 1689
646 1710
756 1805
1948 1513
547 1943
875 1602
1329 1559
177 182
952 1387
626 1941
1822 315
1964 1903
1807 1293
460 1668
1433 24
1489 34
1280 233
1543 208
1937 261
911 533
1701 81
677 12
885 320
1187 1996
1017 478
365 141
1868 727
345 544
1639 994
44 417
1155 430
104 1081
1447 1190
363 179
1529 478
485 1823
1614 1321
116 170
1242 1108
68 1775
971 443
1403 1418
268 587
111 805
347 1486
1088 713
1966 268
1747 693
143 908
1425 1829
1091 699
2 1670
998 1552
1297 198
184 1927
1131 1136
1058 1761
296 1816
712 210
844 1849
1705 1136
1905 1715
664 1451
1657 735
1641 334
123 841
418 1992
208 1686
84 502
1787 1873
690 378
1389 1132
560 62
205 1260
551 835
628 239
1092 472
473 1118
1695 548
1859 1295
882 1600
1671 26
1534 1943
1633 337
1296 1922
1620 1146
141 1284
1591 494
806 1120
461 718
854 1663
566 1077
118 1361
263 910
738 928
956 1701
540 104
706 691
1775 1269
1241 110
403 224
35 799
895 982
1758 1421
1138 1431
204 306
973 1829
929 1523
1043 886
1569 550
1965 1934
1282 1920
1086 977
788 937
1024 150
1989 128
216 211
1584 1623
359 462
212 1495
1596 148
1949 722
255 999
581 1194
843 519
1063 1070
176 1244
1420 197
1173 1288
1605 459
1411 950
913 408
1028 1291
788 812
800 546
438 1577
971 1789
1866 1198
1528 1450
1907 950
1455 1634
928 967
146 173
1627 1674
46 1147
803 40
1347 1801
361 1494
1074 317
1423 693
1134 1310
212 932
695 1196
1703 237
1057 1453
636 571
1663 199
923 1720
900 665
737 1461
599 987
1604 281
287 1899
43 379
1143 642
121 2000
1435 160
1215 1373
909 479
1368 1684
1957 1084
582 288
802 1976
212 1573
17 872
399 1124
585 1581
1152 1208
1008 1000
1769 335
1169 1252
1203 699
1418 1534
258 347
696 793
578 13
568 1413
1848 1740
82 924
1995 318
1710 1614
98 1002
323 299
1567 1834
720 1538
1679 1309
965 1649
391 1186
629 1847
530 1877
1486 1158
612 75
1460 504
439 195
1404 562
714 798
196 1594
1305 1216
1803 400
1435 1095
1750 414
695 879
1697 866
482 967
266 1485
1299 444
1824 1093
1188 1635
587 103
1945 847
216 1550
1863 901
1261 1676
27 902
1771 817
1178 753
1151 1694
1398 1720
1063 1726
836 1199
766 1224
401 1751
1323 933
111 1839
1947 292
1660 964
290 1079
526 1030
1579 1346
213 1988
1799 785
31 536
1350 1707
1021 1017
1175 598
1488 1878
1516 758
455 1451
176 1688
1159 1586
1078 1441
21 277
982 1624
743 973
639 529
884 1074
1798 870
1948 1266
1859 917
108 1631
1950 1348
53 1087
51 1547
1563 1658
690 701
1345 207
1017 326
518 1469
211 126
416 816
1544 1059
1341 1951
523 1818
795 169
382 153
603 1936
1987 356
1871 1722
1160 1174
1524 1973
1025 1456
1122 347
1217 1791
962 543
508 649
1469 1847
1337 1924
1170 951
741 246
981 1079
120 1823
1997 1362
1822 1220
1356 904
673 597
1739 1864
975 1500
1171 1796
102 1891
906 437
1812 1227
1642 28
1952 955
1239 112
1703 1611
1434 1289
435 256
1798 1311
1995 511
93 1755
1492 842
1719 727
261 320
219 777
405 884
1398 1599
539 975
1603 53
680 1437
223 1373
639 1856
1654 1858
1474 1889
1664 675
192 1396
1583 1820
1663 1243
1888 580
1778 399
1294 1413
999 773
1479 1464
308 827
1857 1314
764 1313
813 721
949 1692
905 872
170 151
1115 1705
1710 1420
358 50
1394 991
1777 1260
1789 1872
1541 738
1546 368
1678 1062
1519 1751
1400 168
992 1307
1027 1200
348 1538
345 180
700 305
671 1854
193 1246
445 1237
612 1187
89 1655
1054 946
824 575
830 366
420 225
233 1157
703 78
324 618
1405 1770
1795 110
1495 150
1746 897
1521 774
1034 609
1589 113
939 1655
648 351
1069 54
1800 1308
941 1553
1405 614
1856 1987
192 1265
788 849
943 1580
1174 1072
1985 166
734 1030
175 1981
486 1540
281 534
1185 1806
464 642
953 1609
490 962
1220 1933
1180 822
1757 1172
1131 1817
1552 145
1711 740
176 923
49 1984
409 993
679 896
1534 615
1928 1879
738 1498
622 831
491 156
1961 1133
1096 1769
595 204
884 1764
1252 306
752 1475
1983 1786
914 1575
1591 16
1169 1231
984 1136
899 1730
105 308
1301 484
395 1147
1223 234
516 1674
1406 1098
31 927
594 1515
944 514
1287 785
312 837
415 1257
21 1604
546 451
472 264
1473 941
1267 216
1657 748
53 1621
57 567
383 1682
1230 1078
1439 1446
146 11
1942 274
1740 1205
1985 1427
272 1764
91 1661
1591 132
522 1119
811 1
1667 1579
1026 1841
1357 1372
464 1865
163 1628
584 1608
1127 111
1653 1788
1711 1863
799 1809
1380 422
1131 1274
1536 272
1821 1497
1168 35
1509 232
273 126
341 963
1183 55
1083 1885
1327 167
521 267
827 999
786 1414
1637 107
438 914
1897 467
1210 1762
632 233
1823 376
1812 644
1954 970
1736 41
1692 422
1468 1514
169 798
1611 1992
814 943
1151 559
1892 1768
254 853
557 249
29 965
344 644
1275 1976
1091 687
1109 1776
1337 285
468 329
936 1332
1129 464
524 1518
1476 1897
1379 1652
798 1349
1853 109
1944 1071
1448 1698
1182 1516
1888 1025
1907 235
1737 770
619 980
733 1900
629 475
140 1805
1429 1149
1132 580
1801 1855
1003 1398
1086 345
1315 425
1784 386
1318 163
1612 155
1318 627
1898 1969
156 1710
545 1808
278 1797
97 561
1630 1306
494 744
439 1223
191 478
1769 1090
1879 1077
697 1944
753 979
607 338
1338 1037
1238 298
1311 1950
1755 392
1456 989
1737 199
1882 1871
100 45
770 1449
1197 486
1813 859
669 686
1837 145
1972 372
1884 486
184 1887
1826 103
637 1034
193 1400
880 1250
1805 444
1257 1053
1715 1735
190 1708
393 1714
1604 162
1190 1259
986 259
1148 987
1982 1105
1790 1074
726 1799
875 868
1580 596
288 1582
813 1638
54 1774
1931 915
1548 651
161 1754
1560 1666
1987 506
354 69
1647 660
840 1682
1508 12
367 1647
190 1487
1035 1948
193 1015
615 1949
609 789
1031 1681
1581 1725
1831 1088
1906 1995
1172 1314
1723 1179
549 988
1180 4
524 982
1993 910
931 1862
836 1693
791 22
1209 1148
1243 1956
581 440
1791 569
1004 1113
532 1725
121 1552
1955 612
573 135
104 379
333 253
1808 1218
1095 1381
61 297
1760 154
1181 1734
765 786
339 61
1978 1015
691 1650
968 1165
253 769
192 838
309 684
1625 260
674 1255
1928 1014
351 1523
1268 499
1632 605
1340 1666
1844 1697
188 1671
754 1214
945 44
1828 682
384 884
1316 1876
522 1530
641 1301
1735 1417
1367 1712
275 1990
29 217
788 1605
651 1526
465 1176
1986 1099
130 1316
1782 1595
1617 803
1551 1120
1292 1361
1009 191
1049 1568
653 1784
1013 1603
911 1896
266 1996
673 1359
1212 7
702 1553
466 1512
435 231
1384 1627
1126 1193
1412 357
1278 798
59 511
732 1204
1742 556
1056 775
42 737
672 1818
1185 675
1706 1846
1126 1910
227 1944
1669 1395
1973 1781
1444 1840
367 1831
366 248
932 83
1731 1932
236 1227
1959 1389
1271 951
248 1001
1807 1916
1318 275
1716 1324
1843 809
955 912
1140 1343
837 211
936 221
1251 676
165 1766
240 94
404 943
1720 528
722 728
58 457
36 292
576 1424
241 400
1279 1967
685 1486
901 792
1911 690
983 1175
1970 1207
1505 526
24 1724
1708 647
1642 1192
225 705
317 997
406 1885
925 320
1830 1362
891 921
129 1221
581 1779
185 74
137 269
1793 487
1104 176
969 1067
1595 60
575 1988
899 1741
591 1110
1904 730
548 1796
14 1810
767 1375
1329 486
1406 591
1471 1119
1804 1560
550 575
1094 74
1029 219
1729 1144
520 926
6 1041
1345 819
294 608
881 402
177 37
271 129
669 834
891 531
1593 513
375 998
1836 1271
1153 1913
981 778
660 1759
1963 249
908 1592
613 524
385 1225
730 745
1986 1965
469 433
336 859
1539 1865
252 926
1368 663
417 411
884 265
957 271
1373 388
425 1923
326 128
891 1539
1835 514
1054 314
808 118
236 154
337 1722
554 470
1236 298
171 1080
964 1102
1016 649
948 1875
1463 978
449 731
1401 1440
1798 1901
134 481
684 421
1190 1881
1873 1861
938 404
1926 1043
1802 809
1374 896
1556 651
1383 1692
520 497
864 855
131 122
951 1675
988 617
806 21
563 630
757 1719
506 67
1938 667
340 772
1220 62
1673 1342
1894 216
184 243
850 1213
1059 1329
74 1022
1597 1631
1112 950
206 689
968 1680
1581 1819
1527 1734
335 426
897 1516
387 819
1241 1752
663 1228
1001 393
1466 673
1788 754
1048 1105
1406 718
1645 687
30 1749
433 1019
707 1246
1052 435
371 1011
283 1241
460 65
556 1939
520 1050
475 1401
285 503
1296 888
662 775
531 1341
813 782
829 1011
1704 1016
594 1531
1601 1361
1944 1233
229 976
633 768
517 1501
1193 1701
1231 862
1852 1741
797 1684
245 1936
1217 1750
978 1603
1282 228
785 1507
1282 1105
617 1618
670 843
1061 1842
237 592
1353 1453
828 775
684 1953
1797 1861
931 566
1781 715
1317 1437
1161 1164
1661 221
747 27
171 795
428 270
92 128
363 1231
193 1445
1401 1623
742 1005
493 1079
294 1194
1765 1845
1727 1333
1496 1364
1304 1534
936 832
1875 1399
1751 1364
311 1705
114 1964
673 783
295 868
135 1907
688 549
1423 78
623 937
953 1364
49 63
194 259
52 1652
563 498
244 657
1780 1871
429 527
1170 229
1813 215
10 505
685 1487
453 1422
837 373
1473 1376
1260 912
1438 857
476 229
1362 1264
248 1511
979 1366
571 1427
1731 1986
1469 1972
1562 363
1289 1845
57 1399
1902 413
1085 776
630 958
1841 1553
970 284
110 1854
239 841
1969 477
1296 267
1960 133
1503 982
125 676
876 1484
69 1132
500 392
1702 1615
78 935
1351 1343
919 1890
1147 989
523 388
1126 1135
776 1681
749 1488
694 636
1885 535
1383 808
1874 178
815 181
1428 1791
1148 1408
810 1419
772 821
103 1668
442 761
338 130
1754 1261
733 193
1958 848
230 1650
844 1330
1154 1948
606 1038
272 1442
72 1649
1312 562
901 624
830 537
1185 1176
1278 1419
1761 424
1109 1775
902 1264
389 1888
781 1812
948 661
779 438
863 541
183 1542
1388 764
773 448
1897 1610
71 1594
119 1429
99 1079
1553 495
1587 234
947 1366
1281 1271
88 791
100 1394
794 1102
794 1966
1245 830
1662 926
1164 1990
1478 748
1634 507
934 855
447 480
1232 1188
1635 1684
1152 1823
72 765
276 989
1950 972
743 1832
1150 404
286 1689
1416 437
1361 1365
258 1860
667 788
610 986
225 1089
606 56
1745 1610
1892 1219
1119 313
723 155
1263 1993
701 42
626 1604
525 863
1730 454
378 1815
622 1472
425 474
1336 565
942 1780
959 1613
970 1708
1309 807
713 1983
1400 203
1181 1502
900 1156
1028 1040
1176 1960
1309 1852
1632 659
631 1924
490 1415
1160 1354
1561 1270
1689 628
32 214
257 448
668 1319
1753 1160
762 1023
295 1450
399 1133
237 1064
1481 121
10 260
1081 1133
675 139
1201 1801
1037 681
1679 778
132 102
193 1612
380 1088
479 1732
1187 822
63 1640
1921 1833
180 790
1659 1953
1331 575
986 1869
1442 709
39 1433
348 191
1699 1762
115 620
656 391
987 710
1051 944
1854 304
1007 230
1138 1257
1915 1183
1703 1690
1441 314
1916 922
21 112
1752 1883
730 1709
1734 975
1856 208
1564 1538
873 397
1523 677
1094 851
1113 1604
164 222
66 980
1010 1314
1874 662
710 750
379 1514
1542 35
319 73
1229 1790
1998 102
1384 1721
1068 1145
1635 496
1639 992
1376 1568
635 1783
1202 843
1071 1644
632 1723
1991 896
1031 1991
1565 1810
1558 1614
489 1271
1299 180
510 181
600 213
815 1744
1237 184
1428 1752
601 60
488 1818
1402 1689
1682 1397
1360 1155
436 1946
1549 1059
1347 424
220 1665
504 574
744 1375
302 1587
1109 1012
630 71
1148 1357
1517 984
1840 1970
1344 1763
1246 582
1996 134
1535 148
1638 1910
664 1501
1946 993
1017 282
787 1756
461 887
1626 713
1482 923
1197 298
1809 187
408 1197
186 1297
1464 242
1278 1520
1589 1465
300 1930
143 1974
792 1562
785 174
1250 789
978 634
667 1510
1577 1114
665 167
144 213
1453 412
1802 250
28 890
512 1128
725 1088
1828 486
1156 18
171 1616
1154 55
270 543
666 988
1325 1228
1721 195
771 1884
960 1042
300 739
1772 457
66 192
222 1556
1436 1338
745 270
1967 1454
640 1498
747 533
94 1892
331 1306
1130 1965
987 1524
642 1643
1545 1696
1211 1885
49 3
919 1248
1208 586
385 1396
1051 1726
754 1165
804 1967
933 839
793 1358
1763 1064
1301 177
1269 1940
582 1270
611 102
1128 1921
71 54
1377 1767
758 377
1980 262
456 1474
1744 1273
1047 183
1793 241
443 78
826 549
704 887
1791 1123
1750 1672
1743 1198
870 821
1906 917
1630 329
1842 1512
1014 1260
1143 1076
1963 1576
1785 532
795 1173
1370 423
1480 84
1713 855
564 1424
917 1886
616 1249
1312 1804
1272 1682
1355 1142
1280 1565
1065 1510
646 1002
13 167
1758 1957
874 1980
880 554
1471 736
310 1841
1210 1902
1487 638
1177 1108
781 916
1870 1727
1190 768
608 1005
1845 87
1353 821
310 1276
1197 1277
1575 1636
673 18
961 471
266 1060
1613 608
455 1980
1379 1282
1035 1100
76 452
784 38
121 516
172 1687
1068 950
1000 96
764 1962
1838 894
407 932
1086 1589
816 1354
176 1167
1283 68
1085 364
1254 309
620 1199
614 445
376 1212
300 523
453 1066
189 1057
1439 90
1106 84
1308 1407
1718 1230
126 173
1478 1646
1470 317
757 1560
747 823
433 575
1442 1654
854 1898
441 500
355 811
1105 1322
1363 1723
1726 1326
281 876
212 1827
833 68
1296 1994
1565 662
1047 1822
1124 510
1736 654
114 1449
553 562
149 1743
1628 1506
586 1678
1693 186
1055 159
830 1504
1881 1889
1631 1505
1489 1356
1976 432
1807 879
136 267
375 1120
621 1893
985 1357
650 1785
307 490
826 458
1121 422
381 1513
9 1739
1825 693
1114 402
1343 370
513 1917
930 1456
909 1801
1155 898
302 1298
1352 1999
1218 1361
82 1782
384 856
77 1279
1460 1892
201 579
1833 1341
1648 1613
1163 490
341 116
1131 500
749 1694
1664 519
1899 824
409 255
95 1673
774 635
1914 968
586 85
649 646
1290 656
1850 578
1434 346
966 652
1313 251
1277 1166
635 1554
1252 811
397 676
61 1390
848 403
501 1841
1809 1758
902 1834
341 1282
434 594
1814 1407
437 1418
1676 1523
338 1934
274 321
1629 955
158 224
865 455
704 410
1017 467
222 115
708 1639
1620 517
327 318
1273 1172
336 1979
420 1618
1499 1333
1073 898
1832 1253
1345 473
323 711
468 493
238 1456
1250 198
293 1363
460 639
1313 1919
123 1439
687 527
1711 1432
1059 200
463 260
111 927
795 610
391 1042
231 101
70 1396
1942 1687
1222 1109
70 766
902 1918
322 834
1482 1430
1671 1535
857 60
1794 602
1268 1405
1235 242
1774 873
1401 889
1286 1036
1665 996
783 961
849 1849
1931 752
883 364
1085 73
1459 923
1206 54
303 1707
1770 561
1999 393
842 809
335 926
1837 860
235 1147
1450 801
1278 124
1285 1000
845 326
1342 786
6 1541
1068 1178
137 1566
