2000 2001 20
995 1548
1244 679
1844 489
506 858
1469 1158
1430 1723
85 573
1251 835
996 1608
163 67
252 1874
1052 673
791 913
483 989
1751 953
655 1692
944 681
1716 200
620 1500
1651 1678
1122 1716
746 1068
800 1082
1424 877
882 1622
653 1906
1416 874
1152 762
278 483
836 266
948 729
847 217
587 925
468 1710
932 1508
718 46
924 1962
1708 1259
1614 640
437 1460
836 1762
1538 184
205 791
1610 1279
916 1038
411 1878
419 1972
1723 1579
1162 890
578 1523
348 78
1990 1873
1032 751
716 1825
966 490
981 1881
749 200
1182 1510
468 1280
1620 186
409 574
518 561
1230 735
1188 1935
1010 1405
1048 179
1300 456
1716 355
1445 1000
1962 1043
32 510
1823 14
1318 479
101 1170
1668 664
775 1631
276 889
876 1279
886 1532
954 1596
577 96
551 1914
1978 831
829 1704
508 591
1607 1994
626 390
115 1098
1130 635
393 852
1366 289
1666 1614
927 249
1251 720
1 1277
1167 745
936 207
239 776
219 776
1457 1001
1401 1774
713 640
1478 672
1944 1128
151 1551
1301 1787
1573 1603
1152 269
219 1993
1755 424
1599 29
1099 1879
1797 1030
1478 236
454 1508
369 1992
1258 1617
1194 1911
799 758
1932 8
578 463
16 285
1601 623
867 833
1162 1356
573 539
755 1997
221 1434
1245 251
571 549
1358 463
1852 639
1591 1160
185 865
480 1724
215 976
1918 1651
125 1517
1841 1514
1150 59
70 1662
990 1546
1343 1328
486 438
234 1029
1130 777
576 1432
1032 936
1524 1457
1569 1139
1498 1465
1582 412
925 1610
307 287
953 482
1138 153
101 1903
1926 602
692 166
989 1494
851 1097
1862 874
1207 1322
974 679
240 1276
553 684
1822 341
568 957
1398 1670
1848 252
1029 1490
730 1260
689 982
233 1908
579 1197
67 1270
559 164
1034 1420
1652 17
1160 1040
151 21
515 152
1597 1361
987 609
952 348
1733 1695
1371 1758
704 141
185 1931
1464 1779
767 118
327 315
268 880
1496 90
751 1994
1887 1163
770 1960
725 1533
962 209
756 196
1858 1453
223 1180
1478 1501
275 1161
1112 430
1855 332
65 1393
1905 684
1746 275
268 1820
591 402
1053 264
1709 1350
1949 181
779 639
1911 572
1205 1814
1685 1424
49 1968
396 1942
950 168
87 277
1160 548
316 1026
1510 1480
1893 864
1014 119
1121 1363
500 786
603 1381
190 1476
93 297
1654 1904
793 676
1063 169
930 610
1029 211
1925 1177
1117 1637
1000 542
519 90
1221 144
200 826
474 1817
1228 1834
1171 45
1695 1811
1992 1150
1737 681
1543 1209
1930 767
942 682
1739 1814
1079 688
1284 752
625 1880
460 1003
80 1719
1564 68
1369 1677
1193 175
789 1240
1867 1524
130 1358
429 1970
1649 327
990 1890
145 1207
380 1283
642 1835
296 674
1735 1449
1087 1147
620 39
895 1389
1220 335
154 370
461 971
1468 1827
1118 225
459 1993
429 95
1274 1462
39 40
1899 1408
1227 988
1970 267
1519 1206
113 1392
596 317
1916 919
1898 491
878 527
1769 555
1721 1827
612 1979
1569 1986
1848 1334
280 1814
650 821
586 1613
1846 1134
862 1006
1119 197
685 1466
1528 526
146 820
722 734
1837 1104
694 1874
1700 300
590 561
1225 1963
299 1287
1086 774
716 1922
1240 934
1963 1636
900 308
608 247
294 597
379 99
1127 1345
232 1448
1231 886
310 1441
1313 896
1712 83
1719 111
308 311
1585 944
1937 1858
481 684
404 1464
1921 1561
1227 1252
916 1619
511 210
1682 734
1674 216
1251 228
1536 781
1835 224
422 1084
933 981
1918 366
1140 1976
270 1189
284 867
1344 730
1019 231
275 1736
554 964
984 223
180 484
1455 1704
35 441
893 991
277 1039
344 586
1677 788
1766 813
1827 43
793 376
2000 411
41 1924
114 736
1024 571
1585 1716
1570 20
655 657
781 639
1470 555
672 1096
1902 1814
1061 853
647 262
1702 1778
151 1822
1398 727
1384 1500
723 1927
612 69
1871 1936
1011 550
728 694
750 1152
637 945
653 1356
1892 1658
642 511
1624 542
1332 1188
618 1143
761 1878
1513 1253
1164 63
299 1543
992 1826
960 326
1823 453
1879 696
696 1197
1781 1353
55 435
777 755
711 657
1266 680
90 1804
800 1526
864 214
1877 1443
1516 840
687 1936
1943 472
1598 612
1048 76
149 461
896 1892
1066 658
1166 1226
1593 1461
179 1836
939 1013
961 980
9 1024
258 695
269 422
23 1878
89 489
1631 1149
293 362
908 503
132 316
1227 581
174 952
1851 1846
1 1338
14 1374
99 1919
276 94
1174 989
1543 1640
1045 1196
353 1246
29 1006
281 1794
864 131
66 800
887 181
180 164
976 1657
286 50
276 305
1755 792
714 1733
1625 1136
348 761
577 1239
1917 977
1224 1790
1696 1969
771 1849
15 1113
661 990
686 332
1108 1518
520 1348
1273 56
1347 656
347 105
1025 1853
1307 1932
1088 992
1089 1913
1936 777
142 1184
982 848
511 808
351 794
1501 1402
460 300
731 1969
122 777
286 343
1729 990
1111 1452
748 844
807 9
1637 432
1947 1953
1415 641
595 8
1707 496
267 1647
61 1772
747 1526
923 1212
117 1950
444 1509
1066 232
1303 1766
1639 135
1023 1121
130 1448
666 1682
647 126
548 1990
1172 1741
1295 727
398 1922
1304 1306
1689 1565
1805 82
1621 1124
1456 1888
248 568
395 343
1421 478
1636 1626
1964 201
11 1024
875 744
97 1066
815 1805
541 1967
150 1839
1884 1385
1850 1928
223 15
281 1051
1285 1479
1291 1430
911 1689
823 951
164 894
1218 508
857 173
1146 411
1920 355
575 1531
935 652
1396 1153
927 840
1227 1617
305 830
422 1489
1875 1228
1155 155
1667 1248
434 817
1563 1195
178 1954
593 1405
998 470
384 519
1004 1682
416 707
898 316
722 1204
1934 73
1022 1960
55 1344
1778 460
1642 1293
715 180
1940 1547
1467 1858
415 1625
1955 1330
1695 1056
724 490
852 1066
1092 1734
1119 1286
1775 992
867 951
287 1309
1363 1138
1077 488
1866 1526
744 1457
42 421
138 1894
1770 1030
1345 4
1572 473
1165 273
420 1084
1490 665
76 632
573 623
549 1864
599 554
1879 406
1748 679
1601 960
1346 705
408 168
446 1072
717 1160
1790 1434
734 381
1643 1214
885 36
691 328
639 1876
1059 1714
1382 424
783 1098
1699 741
1807 668
216 774
1339 1267
1687 206
595 374
1269 1403
827 674
53 1967
263 307
1233 564
629 1478
1371 1525
660 970
1348 1514
1745 71
854 1925
659 51
1605 1434
73 1876
1063 963
1691 1767
62 536
1390 276
434 1008
1515 1991
1929 1089
148 131
1059 1175
524 917
1199 1337
1765 1822
614 139
537 1054
483 570
1931 961
1791 844
1720 1262
1842 30
1204 1000
827 1857
1580 2000
1989 312
1187 385
291 1936
1481 1860
77 798
1104 947
1187 1713
875 1232
1249 920
1421 999
869 553
1036 1186
255 1238
1753 192
15 1728
1994 694
1062 1408
1593 677
1888 1863
487 1002
1203 750
1561 1049
48 1142
1893 401
209 1703
780 1025
680 1509
1562 1735
1696 1094
1368 260
48 622
1503 1933
1350 1122
1673 590
1506 297
828 352
561 1813
810 1441
82 1998
739 851
1114 744
560 275
500 773
793 1060
715 498
63 830
338 41
1475 625
856 681
130 821
564 1191
242 546
1439 1712
132 905
1938 1779
1886 1598
445 1725
1020 1336
1661 871
1087 806
379 1451
1993 1718
1812 1255
534 1556
793 218
361 1696
1308 1901
229 1115
888 911
1237 691
1706 250
720 224
336 1340
902 904
439 793
681 1081
1226 1808
1698 1510
656 1459
1821 1824
1827 1095
15 697
293 1799
188 1183
102 1930
1236 955
99 1120
60 1411
476 846
1072 382
1178 117
553 368
1120 72
1244 1429
659 1043
1510 159
638 463
238 1620
1244 863
1349 1028
132 337
166 1905
1594 1549
295 378
46 1576
689 1950
1596 2
1091 1517
1984 1966
170 1409
52 525
258 1148
838 338
1542 823
1534 119
759 400
1440 1008
243 1260
773 290
1975 1297
827 196
1793 2000
1080 663
1537 1467
288 1195
1150 1408
513 1434
110 783
1491 1886
296 941
361 1656
753 1659
1358 323
452 697
1694 517
1641 1005
389 1943
289 828
1647 79
820 1557
1125 1195
1102 1335
361 173
1179 25
1965 1618
657 528
1644 186
1840 161
1586 1517
1022 1872
612 1554
1302 98
1666 1317
1880 742
1845 1922
1223 1485
469 1415
1771 771
316 1570
1239 1781
1348 1399
841 683
846 1907
238 849
84 761
1338 185
27 1658
220 590
770 769
864 919
973 1015
746 1144
1793 1732
1941 1156
1362 461
1249 600
1949 1829
1719 909
1471 382
606 1140
1645 1461
561 462
767 436
1960 459
1996 64
906 375
906 1699
1177 1779
509 1513
1059 760
396 1124
1205 1426
405 167
1108 899
1763 100
368 1726
2000 1071
1167 20
319 1560
1513 331
1217 1289
1099 143
646 1454
922 1941
795 1961
1709 1975
941 897
1976 514
1921 506
1583 979
360 625
1687 265
1247 1163
1632 1355
282 1350
1869 1692
182 294
991 1324
1955 1276
811 421
1686 1128
168 1119
1167 670
747 782
539 1267
1242 540
277 556
1038 1907
1758 1135
1052 1121
1564 7
1243 617
580 706
1512 644
132 1314
740 93
1842 395
645 1028
1411 1858
1333 1440
1196 302
777 1058
801 1236
1082 1511
112 1989
1008 1596
36 327
635 1128
743 1405
158 80
239 104
997 394
903 1770
1372 1859
571 1930
766 1248
1682 1275
1264 1241
345 1794
89 1569
8 550
1945 688
1499 1405
1255 380
987 215
1358 1558
1727 1545
1493 865
30 1828
1259 1244
673 391
370 89
1688 1736
1294 1870
407 870
1630 1450
137 594
316 1735
1654 1978
1964 1219
348 1194
551 1577
1849 778
47 165
1956 1515
1840 486
846 435
1607 1625
580 1793
1803 1501
1565 1454
25 1148
1236 1262
1660 312
1492 1467
52 250
604 1452
1577 1553
442 1513
1226 1434
575 1757
1296 1377
1785 540
914 687
26 397
1442 1017
126 55
523 1836
367 1017
519 1786
180 208
1151 1989
1692 1030
124 1933
577 1587
1347 1009
494 1197
1667 1583
892 547
1735 1530
1624 1377
1471 129
324 1215
1585 160
1943 120
457 1784
935 362
1823 1386
277 837
1704 1531
868 1502
1023 1131
792 1830
910 1318
1701 41
1799 994
1279 103
1710 565
1890 1709
241 1649
1265 1739
861 930
1176 101
55 213
1911 1520
919 1184
1669 1309
1581 1321
261 1381
182 590
1206 1250
67 1176
667 1870
768 1882
547 574
225 601
260 1357
699 1195
1977 1438
436 1281
1365 389
1190 524
668 1682
1512 1924
252 1348
1522 1316
272 1775
1320 1519
543 1283
963 407
613 1117
1380 1976
334 1366
1396 540
953 763
921 596
1763 521
814 1282
866 1437
1234 125
1064 1047
905 1604
222 192
879 1548
385 1880
1671 1466
1441 226
1996 1712
1080 437
1860 1970
1485 1590
1329 1786
1577 1075
1570 447
1724 187
1629 1658
1435 1897
422 1100
352 327
902 583
1901 1447
1622 1696
1360 90
532 156
1789 1667
816 49
1889 35
796 25
268 612
899 90
836 1424
473 8
303 844
788 1715
969 1244
420 1521
1543 1887
1429 443
148 1547
1607 1373
1731 1263
1338 503
1244 1418
1177 1684
115 1718
907 1564
633 1471
1337 233
1220 589
517 316
1276 1246
1892 1064
451 1927
337 634
176 1495
165 229
353 1325
422 605
25 1929
1717 696
1712 1165
1781 1070
959 956
981 627
1185 254
1046 268
1509 887
1686 201
546 1662
467 308
410 1437
1892 1487
1909 1088
789 1450
1161 403
1630 150
1208 877
1335 545
1407 339
322 675
929 1087
1284 850
29 414
1517 1285
1291 1745
1055 1352
373 1489
1606 831
1396 49
1917 1754
1942 277
1911 1472
492 1870
692 529
229 1091
1962 812
1323 236
1817 1699
1361 265
1020 1428
1870 1139
224 75
62 1783
1766 1251
719 1267
1971 608
1790 449
1446 1613
196 757
164 320
297 701
1480 1278
1945 275
274 649
1649 918
233 1398
191 643
525 820
515 703
12 881
1100 1189
717 1398
642 1535
1648 633
65 982
1378 457
1483 1129
212 1905
592 868
1334 204
1566 1847
1057 430
624 1216
456 972
1529 1181
1463 1513
1615 290
1287 1248
1603 115
1461 1634
1838 503
1705 446
1706 1306
1056 1689
264 1513
66 286
301 1976
67 1100
456 1932
30 90
68 1680
425 138
586 721
772 257
39 643
254 20
1712 1665
1771 1359
1034 639
1181 149
873 357
99 1198
1245 1535
788 189
1772 389
248 838
1544 1017
937 1027
1336 342
967 1652
981 1611
605 1221
738 643
1257 403
177 271
768 1209
1092 1654
292 1434
1375 319
591 949
91 1261
1417 1740
356 1109
321 1892
44 985
1252 1973
118 582
874 287
693 407
1108 822
1838 1954
623 1211
1650 260
937 628
1457 1031
821 340
43 1474
1201 802
130 845
82 1581
1356 669
193 130
1574 262
1255 1680
1724 1243
521 656
1026 18
180 858
1395 860
446 32
1856 1669
1288 446
1435 1125
1646 763
1768 1202
386 1524
822 138
789 1999
1539 791
758 1636
403 1315
788 1473
1711 684
1102 939
1236 705
843 1030
621 802
1552 1350
444 455
693 22
1699 764
1477 1230
216 263
1074 397
1695 686
853 904
1012 1659
1879 1452
1643 207
1614 319
551 1376
76 532
1653 24
780 982
1415 46
1696 442
1731 702
380 38
97 1050
1604 357
601 1739
421 1883
624 1886
3 1461
987 353
1364 854
1860 713
921 594
473 1155
1515 405
1731 1276
613 351
1427 1007
399 1532
1987 1676
1582 201
1494 1515
1810 1926
83 1965
1833 186
981 967
81 1885
455 1566
138 1041
1736 1159
1186 986
809 1575
584 1680
354 1056
259 1743
1980 1179
1029 56
1832 1771
365 1359
1630 199
1154 1515
687 464
694 295
1204 1483
1023 418
194 928
1165 1846
1090 437
306 299
1154 630
641 1268
92 648
854 1704
1150 167
651 1327
257 1933
372 1208
886 1687
1341 1486
445 124
1192 657
318 1875
1219 1069
973 766
1631 1501
1156 1891
608 82
207 1840
1105 82
1387 1735
44 1760
1405 1950
451 967
661 1436
14 1781
400 58
506 1818
821 445
1928 1622
1529 1623
1147 172
1213 439
163 868
1781 1885
1769 1816
253 469
464 10
1948 1905
1605 1545
43 1711
1840 1616
488 56
747 261
28 1702
709 775
854 487
1397 1762
1692 387
1843 564
802 1173
1143 1924
698 1902
881 57
545 1876
94 1370
1798 846
901 1207
548 259
1513 1507
1342 1350
1868 295
1389 611
596 612
209 1668
252 1609
377 1792
793 1554
1114 710
1150 1621
1160 605
270 1312
1589 1089
1892 1802
313 1483
773 1250
572 1396
13 1874
175 131
684 1533
314 1989
119 361
263 1433
1671 552
1126 1710
1590 1368
648 166
217 1260
771 598
840 304
407 88
1872 1298
423 1832
205 1432
566 488
1030 1486
8 467
1416 671
1324 1428
277 1740
1528 26
493 704
1900 1978
551 643
439 1741
1632 66
1311 975
1504 1774
831 394
1191 588
1350 1752
941 1107
1961 238
1400 1497
575 758
1220 1056
1480 1947
995 1936
33 92
1145 1962
1173 1406
793 322
1583 1590
1393 1383
1973 1728
200 1815
1422 1506
175 202
194 1965
1217 880
931 1547
684 227
616 1775
1817 107
1272 1940
113 751
1413 1058
1332 97
1794 664
1973 965
656 1093
1024 1806
747 1371
1042 1688
385 1425
689 1326
854 1352
1571 1984
642 567
1181 448
1559 1887
86 2000
1912 633
664 356
1550 1423
872 546
97 1141
1635 1723
456 503
74 1562
1332 859
416 679
121 206
998 824
106 927
1850 1282
1101 1981
591 1461
1993 1142
271 942
162 224
1720 1679
1335 830
1169 718
1661 1826
555 238
563 468
1431 383
494 83
811 1028
264 329
1059 1684
100 1412
1184 1638
719 105
1021 1595
1610 590
5 872
506 77
1983 159
1116 1926
609 844
1756 582
1402 1861
1881 419
664 450
1461 744
425 1209
333 1862
1137 350
1000 458
177 283
1388 1221
353 496
1407 996
815 888
359 683
554 477
1525 1624
1441 1091
938 1819
921 301
1527 1458
1508 753
1988 1436
1368 505
700 385
1988 1478
1671 803
1812 447
918 428
868 678
407 1653
1367 272
157 162
93 1910
1018 965
910 600
15 1331
1001 1916
176 1539
255 1721
644 1702
455 74
325 1405
571 136
1168 464
1620 426
1222 461
1626 544
1324 938
1671 67
99 1016
1422 764
1895 476
1419 1993
1958 1569
528 945
1880 417
1754 4
1235 1972
1020 289
994 1796
1617 495
1677 1509
1559 1588
975 757
1550 738
1414 249
1988 531
1183 1497
459 1196
149 192
418 1302
679 199
62 728
1985 1780
1099 183
434 1898
1747 1848
134 1395
1089 538
1499 746
263 1156
1006 945
926 776
1610 466
289 1462
1215 1221
947 693
276 1409
1037 863
1256 1430
1460 1982
1063 1080
1896 993
1630 1761
736 483
1408 1957
804 219
691 792
1414 819
696 867
851 1452
1722 1531
654 327
1300 37
1554 983
954 1484
636 713
1952 1547
1738 989
813 801
1681 352
570 1951
71 1568
302 1458
1764 146
326 56
1580 832
1379 1499
1292 1706
196 1998
993 194
1028 825
542 968
388 562
1719 1617
516 531
280 16
1391 252
1240 1137
1884 307
1999 1403
1605 1928
708 1287
359 1113
932 502
883 593
92 1981
128 1316
355 12
1693 147
1255 733
276 1589
732 503
735 303
1103 337
1786 1782
330 366
524 1740
891 242
915 244
609 1697
101 1181
1643 660
1361 937
1907 1601
309 1369
1480 1380
1110 552
1482 1522
460 1567
1752 1831
1522 1433
575 818
1584 292
1673 19
1541 1334
358 802
1395 978
261 1592
1044 29
741 805
1801 1048
1664 1113
840 1139
871 878
1784 1989
1264 1480
1677 607
726 87
1341 1555
937 1210
25 321
534 451
527 569
1173 619
1301 1775
1788 1361
1440 662
203 1003
1019 319
864 1724
1351 306
346 1156
1081 850
296 440
1428 970
1935 1299
1437 549
395 1901
1642 179
339 1749
923 52
1108 1995
574 1301
195 1860
265 1389
975 318
1525 1292
1274 427
520 1540
1784 294
1498 1102
1501 1539
867 1458
1036 376
533 561
1395 815
1750 1896
280 1334
1926 1634
1286 1417
108 16
1271 1988
1068 1686
1183 444
1549 20
1905 1730
269 497
1639 105
585 888
712 370
754 1062
1080 1613
1742 1007
482 792
1615 1586
72 1693
861 1125
985 1978
1092 466
1673 855
550 1033
941 1407
713 336
959 1202
834 1931
1600 86
8 1870
186 610
1394 103
767 764
190 1417
866 1773
465 877
1659 429
1040 279
127 1043
1612 782
662 339
1269 1078
1664 937
14 1731
1224 601
429 651
943 437
1595 1587
1310 970
388 1488
527 1710
1035 1884
198 1407
320 1230
147 947
911 946
191 532
1427 1140
21 1120
1229 1370
549 371
948 53
238 190
1133 1738
705 300
1254 224
1268 411
237 782
1235 127
260 877
1529 1200
434 692
1506 1161
1734 504
63 256
394 367
1043 413
1438 51
532 26
361 1736
767 34
543 521
1771 443
145 281
1786 1504
146 1627
1372 590
792 779
509 1672
225 230
430 1131
446 429
737 1042
912 760
537 1767
864 475
1772 1030
567 1776
54 1181
760 1120
4 222
1854 320
1655 396
1441 1510
366 1951
152 1887
1849 1005
787 975
201 1800
782 6
376 1344
537 1092
37 1158
431 1139
802 1684
1050 231
534 1363
786 1670
1481 349
409 927
783 148
1443 767
752 1933
1792 160
305 385
1651 1959
1505 1994
888 613
1780 1239
839 967
1492 1651
1028 738
1885 546
1435 1249
1444 996
1913 507
1993 842
395 141
836 1028
1492 1415
140 779
1677 583
809 884
963 246
1171 1905
216 1402
1874 1795
1821 190
747 958
1640 797
992 1083
1939 107
1613 1280
783 53
1932 1690
127 1404
485 95
725 1946
615 1438
1424 1578
527 1067
735 392
704 1085
915 1520
977 1131
690 41
268 1431
1309 895
1838 1305
501 1297
868 433
271 1017
1686 998
752 293
123 1710
1699 1421
1974 231
363 134
1402 116
356 338
1642 83
109 1361
1410 66
535 18
1123 861
1431 1073
320 1343
1135 1663
1719 834
499 307
686 100
1028 884
246 530
557 1057
937 298
127 145
91 1806
1076 1823
49 5
1000 1354
103 1132
744 172
953 471
145 1923
29 441
1202 67
314 778
1973 631
661 558
1148 1319
490 367
1114 1633
1087 964
1157 20
1290 1887
522 191
969 364
273 1888
512 124
1721 274
866 734
524 1602
1420 1628
1515 1777
139 1119
1616 1759
1006 607
511 1137
1615 235
1393 896
31 34
1068 133
1683 1500
1984 162
1634 1335
1561 274
1994 525
267 785
472 914
327 1876
662 562
456 1922
653 1975
1106 282
830 940
765 1207
97 626
1139 784
854 171
1987 834
1435 1291
953 1442
1398 759
1809 1028
790 633
1744 389
1648 488
1932 1915
1865 593
1538 1066
98 1065
1191 115
245 278
1675 577
