2000 2100 20
777 1126
1645 1239
1093 406
1625 1186
1129 1689
1813 1576
1429 1490
1972 1738
1136 111
205 792
1223 1999
1258 705
133 135
1162 459
146 169
129 1518
1635 1933
458 1085
1937 316
1775 1061
1755 1522
1816 159
1383 1874
791 437
508 1245
492 610
109 1031
987 273
468 5
1215 1463
443 974
8 367
1992 824
672 57
1390 1453
1706 1818
1976 1533
625 7
1070 914
1452 1921
1145 1481
961 854
1494 565
920 537
1306 1366
514 1925
151 55
461 1335
436 533
571 200
1573 1567
863 319
1737 1821
615 166
1912 992
1116 1295
645 3
1165 1432
149 146
496 585
669 882
998 399
1445 1730
1916 1224
605 1686
1161 1553
58 648
956 907
1854 850
1570 425
945 1815
1477 1457
882 1814
1435 1223
500 677
1331 842
1459 1286
809 1868
1014 1820
1178 1270
1715 400
1923 1462
282 1487
716 1878
172 174
1991 1524
532 1552
1612 411
288 671
101 1998
428 1814
1183 23
1049 1026
196 1310
1674 1117
273 626
738 373
1712 103
1373 1731
1850 523
655 113
1894 1664
1597 1438
407 1672
261 1483
455 1234
1087 916
1192 827
368 1377
613 1237
378 1162
1519 1241
1258 1861
262 939
1102 1097
1681 65
1462 1258
1716 871
662 1256
1180 514
42 1730
1120 1224
1138 249
495 1871
377 1506
895 1153
1007 672
399 344
1738 259
274 948
1842 601
1236 289
381 720
1022 480
855 1066
1304 1834
558 1119
1857 494
1450 706
1662 108
1963 722
1991 430
1802 1043
69 1441
1368 1377
1597 1540
773 1256
1317 1785
1289 953
1783 497
1887 1908
1829 1068
1038 1688
527 1600
234 210
591 1467
1844 142
692 1196
1905 296
547 1310
231 52
1210 1516
1869 1922
708 1850
886 832
145 1777
1722 1258
869 661
1162 1685
1763 1304
1223 903
979 994
123 827
1513 1776
1597 488
1921 1992
310 989
822 1630
1965 551
1640 693
371 812
1600 554
944 4
1635 1178
298 260
1006 1401
276 814
1970 728
1634 1966
1583 244
544 1418
1939 1377
800 870
1914 16
634 1504
1078 1800
1715 531
308 1406
1599 1761
1381 1745
1077 1219
368 49
1195 1521
860 1606
1621 498
234 1280
1227 372
1411 1971
340 348
79 1556
122 1305
1682 1540
1790 983
242 1759
1270 982
272 868
663 862
1628 1157
126 1821
452 395
246 313
657 1729
820 1782
1331 119
206 45
1991 50
782 1386
1977 644
858 1360
1773 1658
1247 283
237 131
442 433
1584 1217
1192 1098
1470 420
1703 1021
41 1585
401 71
1588 424
1174 1347
618 740
1056 288
620 560
176 291
1605 1386
1932 1243
1431 622
707 709
346 761
1045 931
364 277
231 1975
235 8
242 1461
1739 326
1405 1416
1567 927
317 1071
92 90
1944 21
526 1557
1541 1147
1850 1357
389 294
1311 1343
985 844
1111 480
820 769
399 581
1794 1376
1593 1184
1502 1126
1018 191
165 1915
110 658
215 1715
844 409
354 1909
1415 1942
28 1436
1579 1682
1746 1203
687 710
560 523
550 1213
470 1446
238 1334
1742 1648
1655 1500
412 404
469 91
735 1445
1854 318
893 1058
586 1420
1701 769
1626 1465
1517 1681
1227 947
77 303
12 1454
771 1487
1553 1505
1098 464
1391 1019
533 1145
709 170
1460 1023
1736 244
1683 1580
1241 1663
421 35
1541 1485
307 132
1117 202
1054 1355
1430 1146
462 254
1168 1702
1410 738
826 427
1707 1670
972 1965
137 1833
38 1629
1307 1903
308 617
49 451
1254 516
1376 564
1979 1081
296 1546
969 1128
1899 510
578 1942
1773 90
1281 933
772 1174
1520 1176
1852 1122
95 205
1469 504
1017 1376
1632 1627
921 73
1106 1051
509 849
1763 635
992 389
1256 1097
1261 1420
1274 145
1758 1120
35 88
158 1384
1983 1539
663 1757
1234 439
533 477
338 757
862 1875
652 233
1429 386
525 1580
1531 1478
1278 1938
1886 1620
1988 471
1331 100
643 1256
1170 1745
772 1439
1374 540
1104 91
1284 1356
1917 1629
266 1430
1189 1642
279 1083
1249 909
961 1437
1613 875
1926 1483
644 1185
750 114
286 546
1808 1275
1286 16
527 195
1622 1080
239 1866
1386 169
604 1970
1129 1528
1692 1307
699 1418
1726 915
954 1618
639 1020
1797 225
1709 490
968 660
433 1994
612 8
1460 333
1761 1413
1158 690
32 1020
1216 1546
1123 1653
358 1012
86 1866
1885 1730
422 804
553 300
510 100
337 1048
964 914
1225 406
395 1363
289 1832
1796 528
372 1931
986 1887
988 1575
415 794
901 711
353 1137
1570 864
81 1513
1969 1212
821 1714
1316 630
1519 1989
1190 875
596 301
293 1936
785 230
651 1256
1401 1939
624 703
1580 17
56 1935
214 1596
360 645
1158 322
1474 1261
967 1558
347 1709
1085 1029
141 639
1397 670
362 1727
1331 493
1313 847
317 206
1345 1298
186 1485
1054 250
1962 1053
116 1217
846 1172
83 222
1626 656
91 418
941 530
1046 113
869 1790
1866 815
875 1078
1048 413
611 365
368 1732
59 665
930 1110
1167 225
435 1343
957 655
1719 574
246 1199
441 169
1618 967
1186 420
1260 663
1840 1763
147 1876
1101 494
1497 1553
697 1384
1552 1297
229 649
786 983
338 563
747 401
1178 877
1230 130
141 1266
157 654
1762 1519
932 231
1724 2
1315 1385
389 1618
1055 490
882 1687
14 1335
1494 1660
798 1199
746 389
1321 1450
1558 166
940 978
955 1025
711 171
693 1319
1824 1138
991 1206
933 1104
1287 349
1393 136
1866 573
1442 356
964 1621
1542 1188
1268 670
1340 1614
1298 1533
1921 520
1332 391
623 166
1420 307
695 717
1054 1425
187 320
617 1823
295 1886
952 1846
355 765
1375 956
828 1516
913 547
1914 561
1 61
973 692
1221 1079
1141 1453
637 1049
687 970
1416 1471
1488 1551
1892 824
268 1367
648 1904
1133 124
843 1609
444 1806
340 628
487 725
1279 1672
1863 1596
1526 1854
1943 1127
1907 83
526 1403
1719 1343
1295 1623
54 1290
1958 1577
1458 1829
422 749
369 1678
687 1807
805 800
395 1216
1360 714
397 1511
512 1080
950 1817
52 323
1425 1827
1191 1200
147 675
820 1419
73 1411
1196 802
42 869
1574 1849
876 760
657 1125
1839 215
13 610
1557 140
234 1276
560 1124
781 1527
629 897
1696 597
1096 1910
1413 1514
25 1818
1518 1889
1552 1029
1195 870
1178 433
1636 1736
1974 1084
858 1493
1737 1826
1221 1936
1601 1679
1259 1157
4 1856
1484 885
1397 225
868 1134
779 641
1495 1067
915 839
1373 312
1140 719
542 1295
1018 814
1344 1791
1959 88
932 1366
740 1945
1691 739
736 1987
1793 865
1509 313
1496 1278
873 424
1952 823
811 1302
451 804
789 1180
1796 688
525 34
1214 1737
497 1678
172 1787
397 1105
103 1087
1924 1688
401 1462
972 1075
1460 742
449 1933
1666 1462
1751 1594
1182 56
123 764
411 86
1269 1989
1208 1881
1485 1051
650 727
747 279
1421 743
1247 1966
676 1085
1855 48
1752 926
1715 1568
673 128
36 309
270 1850
1441 1573
1695 654
726 984
90 710
1639 1876
838 962
1670 867
976 1212
124 63
1699 1703
40 1993
402 1291
1873 513
406 552
1369 1030
250 1995
873 704
228 875
296 1778
761 1563
76 167
505 1838
282 825
540 1004
581 880
198 811
1045 1200
1033 225
517 902
1047 1591
205 1636
1005 1529
1644 1399
819 284
863 1601
1335 1748
1749 1641
1608 200
1126 106
1399 1548
1278 103
903 1895
732 1379
799 1068
151 1836
594 1855
1571 542
911 815
226 692
1126 1694
1043 1796
1662 1618
221 31
11 1407
1635 762
1653 1752
1261 1243
1811 8
1657 814
1922 321
646 1063
1821 1015
1469 1814
1139 89
570 1333
528 1120
40 69
903 778
1048 691
653 835
1463 1461
806 1261
1336 1746
959 1559
1211 272
273 1238
1472 40
1024 1854
949 1798
10 219
1120 1309
360 1069
1368 258
1402 245
1161 68
878 287
1644 267
1204 1103
214 1559
79 523
305 1228
343 801
1168 1305
939 1648
1189 1323
993 164
603 177
1661 1835
1644 698
257 1651
1544 555
1014 1054
1772 503
1927 1894
491 155
1902 617
288 1697
1989 1967
1787 278
1788 532
1741 1771
125 537
883 1165
6 1719
1490 1444
1996 187
205 1442
1351 1919
1630 621
1402 1566
1034 521
748 1279
588 1195
1691 214
1536 1674
655 1526
1396 530
651 1641
1903 1073
522 501
1782 855
1490 48
608 1160
1010 591
1644 314
227 1092
1314 1436
744 1109
1942 15
1852 535
1391 1817
1180 1788
1545 1820
1764 1117
1653 953
1716 610
1274 582
189 1469
1560 695
683 1870
1389 1041
1367 923
478 1394
883 84
1952 252
657 1111
1295 89
1154 1624
499 1856
1346 1059
1867 1131
1338 111
115 331
1368 1856
269 1667
815 501
1923 722
1470 1890
1296 425
1374 441
730 1771
1534 982
1118 104
366 539
1143 1182
1322 533
1473 1493
1321 1202
222 1143
1417 534
1132 1003
1337 1427
709 1273
1246 69
614 1923
1835 484
1482 213
506 357
605 334
1179 1761
1814 238
797 392
161 866
512 857
1455 1531
1108 1340
683 252
617 324
1438 1744
46 1873
1956 324
1783 1383
1207 1680
456 1986
408 1411
915 1632
317 787
451 251
419 641
274 1599
853 117
417 494
1114 1491
1714 1533
637 60
1501 1920
279 647
33 995
837 306
1309 540
1715 1780
18 1771
455 1066
1884 1166
951 314
1008 1175
1994 1734
107 1613
752 1085
1170 88
463 1089
1197 333
1546 180
1567 559
1539 1100
1203 557
1760 988
1070 1344
835 459
633 217
1119 1656
725 444
1681 1867
1099 719
1901 1957
1084 723
12 1430
1771 1600
1757 293
767 272
1187 1087
1648 1160
1038 1815
243 895
521 1865
1094 1386
422 1927
726 170
1812 755
43 585
1468 352
1217 81
1274 1730
894 1951
953 1267
39 1757
286 1376
1829 1851
1344 1915
1950 1772
212 1017
994 277
1819 777
659 1733
334 1386
1488 1422
943 1877
105 1978
1063 1352
1418 604
1668 157
424 545
1937 601
1346 1865
589 1657
1423 883
371 1778
1512 1654
261 684
554 878
1367 357
425 1486
1936 23
1109 53
985 1523
306 769
672 369
1134 1882
822 446
1139 1102
1666 650
1339 1050
102 1962
72 282
1456 1810
161 187
769 988
1645 1790
1497 1832
1593 1982
792 613
600 1790
335 1976
924 693
377 625
73 281
686 1702
643 561
160 1907
120 1112
1949 580
1837 92
936 1593
1831 1133
1555 450
1328 1737
1521 95
772 249
1201 722
1426 1543
98 1111
204 611
1459 230
352 652
1110 1603
774 1564
402 393
292 1100
861 1505
777 1193
247 742
1424 1644
353 1385
843 1897
116 667
1800 1278
1978 680
1948 1652
900 1595
343 167
1637 1049
678 1434
1659 1042
603 1163
661 416
1189 1044
1060 1510
576 234
1883 144
1291 1016
1541 1789
1147 1876
1720 1818
1628 425
938 278
99 1906
558 1980
1769 1369
63 1765
977 906
213 47
1195 1520
1554 1617
910 1049
1618 984
342 832
1305 1254
787 1136
1964 523
1631 1394
1588 420
495 137
1682 206
1048 1321
1873 1852
125 1542
1702 48
1751 1124
1538 1341
1109 220
1793 1879
945 467
1962 1838
1508 1035
426 1454
1430 1673
1655 406
1754 1425
1327 605
816 1049
199 1578
1943 874
533 1984
1544 1499
1434 637
1487 268
1738 200
1546 931
1396 817
1326 835
1278 1350
1652 597
590 1837
752 712
352 997
1238 907
1650 1162
1040 772
393 928
1134 495
1869 526
886 75
1347 1222
1793 526
899 383
719 287
1198 100
208 1620
938 241
584 1510
1705 602
1248 557
1156 1915
1460 354
1347 120
1939 830
1816 1489
1957 465
702 1863
1247 1577
1310 1724
123 1380
162 1848
1451 1355
1485 992
1964 718
1721 1236
1147 1389
152 1745
1194 110
1818 1221
994 111
55 1397
718 1090
1496 682
1154 769
1227 334
1598 956
1162 1249
1632 1387
1543 1501
851 1123
1382 1420
1513 1022
1118 1342
1630 595
1708 956
934 1317
1248 131
765 160
1650 302
156 613
772 1669
784 933
1879 1230
387 1715
325 1891
1932 616
192 1761
1349 1592
453 360
1328 157
65 228
890 209
561 557
791 451
1332 585
1262 1950
348 1889
781 188
896 1409
1351 765
308 1709
1042 169
1478 317
1910 770
576 359
618 1402
180 1711
188 250
1980 1715
585 1428
1565 1887
569 1628
978 150
1892 31
186 1452
1293 1708
37 1233
114 1456
1596 1003
70 817
1092 758
822 1243
1845 1850
813 825
1250 1999
674 1979
309 1643
860 724
439 1158
569 1615
9 664
607 1542
1843 565
204 209
519 1905
5 491
1591 1968
267 1228
1360 1318
1383 1605
1064 1663
1872 419
776 1961
994 809
847 1576
1096 327
317 1723
1951 1663
881 179
602 497
1367 999
213 1715
831 1286
98 1638
1134 922
1816 8
1933 27
131 423
936 44
963 1920
1667 918
909 749
549 387
644 1282
994 1314
715 1590
1879 438
1496 20
1274 1295
217 257
470 1554
548 1682
778 733
1004 1637
1433 902
1177 929
1336 1021
163 1351
1762 1900
85 1207
836 159
966 1159
1076 1625
654 995
1466 1596
1119 24
148 1902
472 889
1448 146
772 1476
809 1086
815 117
609 665
1980 168
1630 1133
1107 53
1843 579
696 429
907 1930
539 513
245 227
735 53
1330 1406
1918 779
481 166
1934 1807
896 194
450 981
1700 1545
537 1959
1580 657
925 1058
1545 532
597 1354
1562 1036
1241 292
1024 636
48 1027
1408 936
974 783
638 351
967 211
487 891
486 1310
1473 1822
234 1255
64 1520
182 5
448 1038
254 1613
1913 625
1078 265
329 1397
1065 567
1144 1018
613 1082
1198 1508
412 282
1840 556
722 1577
955 103
717 1248
386 1305
185 792
1657 346
1302 1303
275 1048
382 239
404 1008
1706 447
1570 375
1245 1401
1587 1250
994 920
891 1396
809 1766
156 1852
524 1645
1312 967
1598 763
873 1516
101 895
852 1697
1395 1889
1980 1806
377 280
80 1856
1690 1397
761 1903
62 1176
1331 1774
490 1593
1074 40
1801 1492
473 1748
903 1439
1572 138
423 402
241 1142
1718 272
860 637
1895 336
284 332
1958 1966
398 1580
608 1352
833 1904
255 81
1219 91
1414 1400
114 654
500 888
388 1161
1489 161
495 775
73 84
1559 1287
854 368
1974 405
1628 577
1571 1698
1549 239
1115 1558
201 60
884 1464
441 592
1796 316
1378 1930
1807 173
1481 38
1698 1277
491 471
1300 639
1029 432
1894 66
333 1513
1637 677
1362 536
58 1499
334 1155
1309 1414
1061 1284
1446 1947
390 250
1369 1339
1950 550
85 1084
696 1321
974 1181
1512 87
1906 510
246 137
1149 482
1233 1553
1728 1738
1449 1239
1653 1144
1877 1231
1879 1671
953 385
1507 1309
1075 284
1479 1629
330 1276
419 1148
628 1504
94 1915
1362 1588
207 853
1529 198
1028 404
1418 1883
1063 398
1526 367
1294 1134
521 240
1162 845
1647 176
1770 305
1430 1068
1940 672
632 645
362 940
1887 908
897 685
485 382
1735 375
888 1437
902 1020
1140 1893
1283 1622
1372 1081
615 1109
1324 1705
1158 1369
53 640
1249 1468
755 633
30 382
427 1335
1141 374
1488 183
272 932
1917 829
1882 416
1454 339
311 247
1679 568
1862 339
1365 1104
286 1255
1985 1302
304 1609
410 1892
471 1632
839 643
705 1773
1126 1590
844 1587
1227 190
1052 653
1870 1713
1960 1043
833 967
1930 1383
282 700
15 485
785 796
431 1903
433 1093
18 224
336 541
708 1317
206 1443
566 1797
1906 1392
1031 134
1166 1597
299 1845
1811 1858
1159 987
281 1217
499 941
1955 1015
475 11
1905 453
374 818
1338 790
1320 694
232 1640
1753 617
850 93
1988 840
1923 1581
477 1564
1095 967
1747 743
1923 1440
693 1971
180 1748
1258 1220
1688 1578
1210 1110
1529 673
1367 962
993 1981
1773 1263
785 1680
161 1359
1309 203
1907 404
1607 492
1130 1387
1269 1333
869 1114
518 225
1117 415
1382 1662
1404 272
1061 1645
1279 994
1012 494
756 1923
179 377
452 943
1850 703
253 1946
43 1209
248 710
543 92
175 1736
225 315
1570 841
526 184
109 1654
1547 368
256 1651
1818 1828
1162 1956
373 241
1752 1602
732 10
1922 1500
1982 1589
1675 369
678 1266
521 1141
170 695
1272 1869
1843 1498
1113 243
1825 1000
996 1930
627 1262
1010 286
1883 1370
129 860
680 729
1780 1088
427 681
1853 1062
477 133
1572 204
1538 1795
1810 157
1299 999
639 505
1486 475
1140 1121
164 1305
56 1323
82 263
1501 994
1570 466
924 1258
1135 1922
443 234
651 1328
121 450
1145 644
1304 1563
508 1792
1349 375
1987 1599
878 236
1700 1841
978 642
692 225
1978 612
1816 1646
158 1671
275 306
1759 325
1747 1493
938 89
127 1002
879 946
1039 178
1034 1484
538 275
319 500
1725 612
345 1977
1694 940
1347 290
475 285
807 1747
101 1227
1655 776
448 1469
1950 1799
800 1644
1395 1929
631 735
85 200
1409 585
938 456
832 81
1873 374
68 1665
1927 1511
1214 1393
634 1768
489 1803
1671 1898
602 1716
1161 584
618 1629
593 1039
1127 379
318 379
155 135
1485 527
297 1495
1213 167
440 1933
823 143
1928 537
1725 1164
632 40
1502 1781
70 1383
1927 1592
1062 1123
1151 903
1227 218
556 1767
1021 563
350 686
1415 547
1779 46
674 972
1537 1972
1326 568
1212 908
1385 905
1244 1508
709 426
1630 564
1044 872
1020 1483
159 1244
1576 1413
263 1268
179 351
701 1811
972 157
333 933
460 444
1443 900
1719 1532
138 78
1017 97
1204 815
1986 579
1090 951
792 756
21 835
1285 470
1447 176
897 268
1812 1242
67 1701
565 1675
606 1421
136 74
391 734
957 1738
1205 639
1266 823
484 673
311 1926
454 1680
1396 1118
780 576
1364 1846
1240 255
1606 575
1992 463
1461 271
619 1153
1255 193
1376 1477
995 1510
1905 1866
146 332
419 1035
434 213
1298 1611
998 444
170 1614
396 500
1156 2000
333 1412
1351 1551
898 1146
634 1610
961 989
791 246
986 919
351 648
101 1619
458 1169
1772 1405
754 1757
142 427
1997 1685
1654 1021
1982 430
193 19
1172 505
1522 1693
1323 326
1818 856
1371 965
610 1889
1812 771
1743 1858
48 1232
457 882
402 596
207 1400
1413 1642
1829 1373
1163 62
1413 1808
1660 1258
1243 593
859 748
912 1316
794 1251
1582 1561
809 1208
1888 797
989 1178
1569 471
1166 422
720 827
1622 43
940 1150
798 1585
1818 895
965 1618
429 1744
1603 1265
959 660
803 1081
594 29
420 1786
1566 1461
1950 625
1979 1740
1756 169
1825 939
1421 1951
1329 958
1910 1852
1772 403
1888 1418
1961 1628
583 1274
136 1880
1832 257
622 1065
1343 1468
277 1893
1604 1692
528 1562
1497 1948
77 517
69 1333
1510 1650
999 361
216 367
180 917
810 1523
1954 742
904 843
915 901
605 1962
1537 663
427 1032
299 808
648 1325
1171 375
1503 990
1560 1313
128 792
1253 1145
1819 1846
1268 1319
1353 780
1535 850
1720 1308
1536 139
1497 181
795 1405
1859 1487
1911 980
935 557
849 1317
1967 318
38 1717
339 942
482 690
1138 794
1677 856
1320 1738
629 1616
1923 580
1061 322
675 1941
1670 1644
810 1973
296 1002
580 1001
537 1128
1257 1305
264 458
978 598
1051 115
1481 730
940 544
1011 1614
1408 529
624 668
1148 45
328 23
1773 279
1177 473
731 661
1438 906
1682 140
479 1158
450 1065
534 927
801 1588
679 1805
721 1967
1854 1689
1238 912
1501 1968
1475 142
1860 1377
1290 1888
693 353
1595 1864
1710 1194
84 572
793 1205
1091 770
370 1513
676 144
1784 342
1182 1378
1745 291
858 1398
1173 393
1684 1576
1417 594
165 37
1809 268
1721 1783
463 1193
213 1559
383 31
20 1659
1200 741
1377 1522
341 125
375 1886
384 1270
1801 77
1504 47
51 245
1503 703
1592 1301
1484 1495
1959 1480
112 484
153 172
732 1848
1937 1841
1445 760
1520 976
980 1477
686 1977
1922 1206
118 1378
1945 1229
421 1658
1621 510
1602 1725
587 1251
96 195
1074 500
123 45
327 693
382 394
1033 975
719 1015
1065 1434
1566 971
1320 253
654 1127
128 1622
1807 162
1626 272
1529 1536
1536 892
426 452
745 1541
1337 755
1603 1878
1245 445
476 144
1295 1848
705 515
319 1718
903 1009
1226 214
1292 1830
346 1582
1654 737
1277 166
278 772
766 1648
1684 1152
1235 246
1271 1278
492 1597
1880 1783
562 1378
1252 455
1692 154
1493 55
1922 821
1071 1020
337 1565
670 1712
1901 612
1210 553
1641 834
1390 1288
451 210
666 1019
1130 786
414 22
1331 489
1004 22
985 489
494 92
1994 1484
1358 1903
197 1687
685 1431
438 1860
1676 341
223 833
710 1
1923 689
1057 574
1643 1483
1223 1644
192 1512
507 829
376 85
43 1348
1174 609
57 209
596 1517
488 530
1013 1469
206 1006
214 964
483 1933
889 1974
1966 674
1896 692
522 525
1072 735
604 1798
1054 925
843 999
1525 474
1127 298
1550 1420
654 1037
1373 641
241 1530
1962 478
1248 1948
1997 1256
291 839
1558 474
1943 962
65 1688
1355 1344
1750 1786
1167 1613
52 428
937 1793
1704 640
583 1432
794 1024
1551 1633
1210 136
153 887
1231 1255
708 1840
1063 1953
690 1648
1343 1943
1634 1804
437 1805
988 824
1446 924
661 1891
859 1519
1515 1331
1649 1405
753 1652
91 2
1830 1738
1586 284
716 1107
1719 363
1849 746
720 1021
1636 884
1257 866
634 1194
1218 433
1736 1109
504 751
657 440
1058 430
1941 1847
1250 502
1324 915
1597 960
548 180
1478 229
2 1261
1486 768
1625 194
1136 160
189 763
1926 177
1620 1870
400 1361
986 713
620 103
1446 1271
59 1024
946 400
559 1740
1666 770
260 599
771 848
1388 1997
1990 755
1750 1125
759 1218
1157 918
742 9
1382 1941
1391 131
1829 788
162 958
128 288
735 1795
1914 511
1596 725
1238 1733
382 380
1264 243
1499 1551
26 1257
654 1614
