2000 2008 20
1036 1317
732 655
1937 325
728 1856
869 858
1791 722
819 544
1522 1265
220 1615
513 1376
1382 918
1734 331
1596 1891
1296 1275
1677 1591
892 559
1751 1728
1241 448
1151 514
53 1519
1882 379
719 1471
1843 1297
1335 767
1091 1726
1853 854
1232 368
1042 373
307 342
1811 1567
577 1505
47 287
375 1186
1896 1198
1494 1153
664 657
571 1239
1908 1518
1664 1964
513 1909
1553 417
1421 620
1242 260
1574 1163
219 1414
1407 420
139 513
873 1356
922 625
95 1889
82 1798
1395 1593
1050 1043
313 1483
559 760
969 190
1961 68
1805 242
835 972
344 268
1205 1829
835 1102
267 1963
37 185
231 551
822 1608
757 833
1060 491
51 60
1129 1353
1470 573
1601 1454
29 344
1666 143
1079 1816
1913 89
1690 265
415 1791
129 649
904 983
345 1133
1300 568
716 140
51 1991
320 709
1308 1173
562 191
259 134
852 1878
341 280
601 811
1143 1684
1535 102
1760 1095
1422 1712
233 650
1183 1197
495 1224
1529 179
400 706
112 1005
1411 1653
1607 1721
1713 507
692 449
1653 330
502 1721
585 368
1537 1308
1821 1971
1615 377
1070 40
289 809
576 1953
749 798
1545 1269
1951 1307
1138 974
667 1577
1929 1774
955 742
939 1875
1854 880
1982 779
1666 617
446 1751
355 997
697 1107
1721 851
1571 1158
826 24
1499 7
605 131
1409 327
923 1234
1711 1100
859 706
397 241
247 759
432 1009
1679 1363
1289 1718
1140 415
719 320
1060 1370
1483 511
441 1085
839 1806
686 427
1362 930
1871 196
293 1861
692 125
1516 356
636 646
1669 1893
1277 730
430 1070
480 1898
275 1141
1090 523
1811 1006
1273 855
1181 1859
563 637
1237 1380
850 1045
548 481
395 127
1991 526
536 900
1139 483
561 542
686 598
1735 121
3 1160
1919 1840
1014 1582
7 1136
444 1564
1249 688
106 996
959 1155
1302 642
1146 513
995 1722
708 1168
468 318
350 900
660 413
736 1024
213 1900
1177 1172
1104 672
1218 502
1929 1856
1777 1334
1211 1352
1153 295
836 99
294 191
615 1172
550 1242
1491 249
1937 1171
1240 276
1317 1952
294 1469
1924 1618
566 130
781 477
275 199
825 729
355 437
418 1679
983 1412
1358 1440
1883 248
1873 57
598 1035
1486 1727
230 1258
51 1042
1318 1226
499 1911
78 753
1469 1737
1246 537
232 13
773 846
1577 1990
1936 300
500 1780
502 542
1925 1065
1287 550
1955 874
48 1826
975 426
929 469
1394 621
638 1336
31 617
1698 1467
1225 1501
1348 1038
240 744
1814 1855
1711 1335
1877 1612
1449 1488
1957 842
620 1641
1375 763
269 471
314 1080
985 1976
14 641
1888 976
545 881
797 1496
1607 136
888 821
66 755
1769 1600
529 1409
647 1434
1407 302
833 1760
1957 1718
1242 1261
686 1784
428 1730
782 121
678 1561
79 1730
1307 1422
516 22
1760 1324
1005 1950
1814 914
8 1598
246 1792
1955 1306
158 801
471 713
19 302
359 1357
1137 528
1623 35
1722 320
1610 1247
58 1941
4 1859
548 1636
795 253
1071 1366
746 693
1936 728
1162 100
204 214
1937 199
375 894
934 1339
346 163
509 63
1079 629
243 304
910 457
1155 265
161 728
932 1496
177 624
743 39
515 1691
664 1827
1940 1864
1004 773
149 561
846 1546
735 1189
1824 1399
369 557
1736 1083
107 1972
164 1504
1580 797
1076 925
21 1931
1594 713
1493 1572
1372 1816
1653 1142
1640 1434
296 1695
513 1375
1113 372
872 529
631 22
1649 954
375 706
281 1716
91 279
1955 1069
862 291
1203 469
541 1099
1546 270
346 1350
324 187
899 780
1443 1644
279 1517
1882 107
1485 306
846 1595
1710 1815
1313 1767
1702 370
1167 1456
552 1378
777 1652
23 212
1702 763
261 98
597 319
1539 195
115 1034
573 682
1196 1486
1709 39
1515 1452
1165 846
145 843
1172 393
1303 507
1350 1851
368 1662
1285 1445
44 734
138 277
1645 402
846 1098
1396 11
1530 235
844 564
1357 967
1191 974
1466 638
210 17
526 1054
344 1930
1527 1630
115 623
582 1888
1819 732
1280 720
1448 1365
1176 1416
1777 346
309 744
1841 1487
1702 1624
1294 1691
1178 265
178 127
177 1509
1695 118
1780 30
7 1067
719 612
1116 408
232 409
1799 1212
1427 676
8 1706
1172 1378
703 1741
1783 1857
396 591
1847 921
1269 1879
665 51
593 1673
1321 1551
355 1420
317 864
372 378
1095 1529
1251 655
1399 455
293 581
1534 1591
37 633
1854 1593
1747 827
218 1422
1653 1627
907 400
1099 1351
1521 218
105 1838
1871 1824
1317 777
1481 1956
333 723
1024 46
1566 1585
265 548
1554 331
1803 676
537 1181
540 1733
301 1845
1790 752
1311 1397
1448 1858
363 51
694 653
403 786
30 1910
1037 1342
474 547
316 1070
1150 12
1278 1308
315 988
1230 99
597 860
708 389
1848 167
360 1867
478 1860
642 454
1298 1674
1928 1603
194 1691
422 767
738 476
350 119
20 147
660 1733
1911 34
498 1820
445 352
1173 1984
1056 823
1649 1474
92 555
374 239
1495 838
1724 302
1854 1433
513 456
1906 1386
1263 1043
422 392
127 257
16 346
1966 1296
917 892
1326 1976
1439 926
1587 447
1407 326
964 1173
1375 440
1221 262
1990 732
696 1629
334 917
1475 1308
354 1996
520 1995
831 1669
1701 1169
343 1297
1081 1014
764 1619
907 1495
147 1135
903 1492
1657 1667
930 634
1797 732
375 735
316 138
1834 744
44 232
1831 1058
1453 1626
513 245
1640 1060
1 1370
286 1479
410 1730
93 1674
1504 1714
1780 606
1222 711
562 1349
511 1413
1428 1485
848 1248
1011 1079
1039 1033
767 1534
1842 250
896 459
98 1388
451 1496
307 905
1191 1669
1474 198
1473 1691
623 664
908 1031
1334 681
590 888
135 1231
1486 1555
1824 1260
892 624
1960 530
1404 1109
1666 1896
813 1508
1716 1293
201 1233
1227 1243
335 655
600 629
1626 228
654 1463
1232 500
176 1026
1413 1325
559 1208
1653 189
1750 549
973 665
747 512
1687 353
583 1613
2 1382
857 588
1225 599
644 849
1155 1184
1167 1076
1304 1471
966 120
1625 106
994 314
388 106
506 298
622 1036
1179 586
1810 1290
784 131
1967 318
1872 1662
1286 127
163 1571
472 1527
1153 1664
1242 1484
1370 389
417 1898
1982 548
337 1529
1319 21
1284 106
1718 47
1350 679
1518 1821
200 492
573 458
129 114
1556 1823
100 452
1666 1076
856 1569
1549 448
939 1111
1192 1477
1093 1691
1026 1202
2 511
1980 340
1378 303
88 401
1191 837
45 1836
479 1622
1350 1096
981 855
1725 1133
1744 1386
984 575
377 835
1465 360
1563 1569
254 1621
103 793
1889 1257
471 1907
1649 743
47 1087
1219 742
108 749
1326 1596
1841 1061
1217 210
1182 572
738 1716
538 750
1991 294
188 1527
835 850
209 664
130 775
1432 1882
273 600
1696 1596
274 1026
867 1260
1639 1114
909 1612
202 1279
1109 1757
443 1187
74 789
719 1139
1025 1891
378 1603
69 1288
789 73
987 1250
501 744
33 1674
1766 746
783 529
133 1812
1890 634
618 704
852 510
1164 976
913 1391
1045 1256
1599 305
1335 28
1067 1025
1315 1058
1322 133
1859 411
1508 1390
568 188
986 1460
1758 1296
1326 485
919 1844
216 892
931 1427
717 462
949 1444
1957 531
1611 1831
1958 632
752 106
656 36
1072 1579
410 126
1294 474
1588 1450
162 1991
167 574
1359 754
292 1413
406 1655
227 1028
648 1967
1166 1190
1654 878
1363 1260
288 1519
308 776
1740 1042
898 1032
877 1600
873 415
18 211
1992 1376
964 210
619 655
1416 551
1859 961
568 1710
1841 403
558 892
1303 1760
447 482
725 525
246 30
1227 708
506 719
1274 42
1716 322
1096 1070
382 1820
183 1079
1550 1365
1200 1051
193 1829
864 1413
1879 1048
533 1
1894 1069
1728 1235
1029 503
1095 824
863 1631
949 1710
465 1600
1424 503
991 1710
1123 212
470 2
1727 1090
1615 1863
726 2000
360 1325
678 483
1548 932
1101 652
2000 1066
917 1716
127 623
169 731
529 1046
265 467
1816 1002
217 1320
1523 145
1918 51
906 1844
209 948
905 603
1562 682
1315 1591
670 1371
294 1745
1672 502
1648 1927
168 1482
1481 1156
1733 1469
812 764
1287 1213
1261 1600
1787 295
1291 1902
1869 584
815 536
157 1640
198 1436
486 1625
1261 1841
438 920
491 1525
434 478
1294 355
1399 702
1822 494
1843 768
1810 1172
368 1057
626 800
45 187
293 393
1942 1879
1843 1296
915 482
152 1453
1414 1981
1358 511
879 361
126 1612
1749 1813
1833 553
1710 1182
1464 1915
389 1309
1425 1900
568 1659
1400 1116
332 1053
112 1262
1213 1216
55 1197
1590 1281
50 1275
1591 412
1606 439
1061 1285
1991 150
1429 1749
1780 503
333 1789
1733 279
1999 182
209 1857
1772 85
1813 64
550 1669
1128 1550
1997 1180
1261 958
402 1413
621 623
1012 914
96 1581
714 279
242 1873
87 676
790 215
1801 302
84 1573
1678 1711
1721 1114
1761 1268
510 358
508 482
1205 883
440 227
640 1673
776 1651
1941 510
1489 1120
687 1317
1099 1157
224 1449
1477 6
695 920
222 1414
799 302
1353 1435
122 1089
431 1949
1330 557
101 174
1187 1363
666 1643
622 1754
1094 127
320 1099
1178 184
1075 914
695 1309
1026 679
568 95
1282 1893
1606 411
362 472
877 142
1625 1174
1798 1262
1259 1327
115 1387
907 236
867 1332
165 1528
1903 560
303 796
655 1032
1718 1612
1388 1929
1138 1969
1668 701
1365 1413
1457 578
1746 322
1052 1103
415 1311
271 1389
510 804
1853 1442
89 1853
1364 1114
1114 365
1340 817
1393 1023
557 1153
891 588
1988 1649
1806 1295
1220 1597
1642 954
1573 1178
353 144
909 1974
76 1939
1419 1813
1663 1312
399 337
1910 1912
646 1612
195 422
1333 1371
203 1064
1901 1253
1927 1920
921 1097
580 1589
1749 410
146 1830
1776 325
130 882
1268 339
1331 1117
346 240
1294 1705
1453 980
1440 819
1646 404
329 1529
1556 1398
407 1508
1467 227
1424 1655
341 162
609 645
707 150
1296 1310
532 537
433 617
1736 906
327 737
1070 1502
1260 1378
1325 1154
1187 635
1053 1088
992 1757
1238 1669
923 1132
117 1586
1796 1044
1962 1891
1927 1797
921 262
1724 1534
1634 933
88 1488
448 1390
1671 1016
563 852
534 1641
1224 141
1682 896
1699 130
1644 1669
469 716
1653 1660
1356 1041
1871 1323
886 1536
1499 882
583 1147
642 275
1815 1472
1002 1718
1120 56
398 1040
579 1020
120 1803
1496 1119
520 1559
808 598
230 679
1735 964
956 1098
638 1102
1305 1366
483 1835
1130 51
1637 228
892 930
1920 72
785 387
1564 1791
1446 1205
978 1501
924 790
131 1675
1625 899
79 1490
1851 1533
239 1785
913 806
1174 766
1234 1901
1178 417
1154 170
794 1370
553 493
1125 1179
1133 1326
1042 1318
1453 1451
237 1294
371 427
1515 752
1828 446
869 1596
409 1680
404 32
491 602
909 1197
1938 963
1978 675
749 45
943 275
595 1145
1655 429
1255 1731
245 1115
55 463
1857 1437
1059 895
311 500
1184 887
276 138
21 435
419 410
1086 1222
1916 1402
597 367
1261 1267
1674 1131
404 475
61 540
721 1638
1543 121
380 1448
1759 1462
1356 1195
1529 1424
1299 220
658 1813
131 1838
1204 640
232 1721
1408 751
898 1124
1272 1978
1270 1033
1859 774
48 1951
692 1567
421 1372
1091 1116
716 1205
610 969
340 148
1167 590
1803 1385
1804 1014
895 893
318 571
41 1379
621 1714
690 1346
632 1254
1535 1499
1350 1721
1924 620
178 43
181 78
1749 1985
10 1684
1707 800
1584 904
1809 1095
1738 1223
589 614
1947 1649
1301 742
1808 795
25 1632
1512 1776
783 1402
1015 943
1264 1461
918 1795
96 511
924 1787
892 1056
1909 1688
343 529
664 673
1468 887
1148 666
1355 68
15 106
1978 678
200 1446
1610 1558
168 1835
233 1723
494 684
363 1132
294 1441
1897 346
741 1652
400 1139
892 1923
304 559
1994 769
70 717
845 117
635 968
368 758
146 1487
22 1989
988 1337
566 1621
246 521
1146 160
1194 1139
1520 1273
902 1372
1215 1667
384 481
1410 1042
530 514
1794 1511
793 1034
116 1153
470 1761
1731 1028
1708 337
731 568
220 247
283 1129
995 884
961 1223
1575 1600
1413 1799
173 113
754 1697
438 993
861 668
1049 369
1243 868
5 19
1804 1604
466 1518
1149 1990
35 125
466 728
127 946
117 146
59 272
1201 1407
1900 1736
1403 1747
1736 511
1569 1455
954 1366
568 514
417 175
1791 831
2 1904
346 762
1557 1010
1633 1225
1526 878
1232 1383
1225 1185
1853 778
1803 1449
1868 610
1170 1558
205 32
1652 613
520 1732
765 974
1488 23
507 1358
299 1434
1575 1431
1007 761
643 810
537 453
716 787
272 1635
1130 180
7 1371
1276 227
697 1172
650 904
1609 588
333 100
562 643
1510 1795
1440 937
71 1354
1794 676
1284 158
1358 1919
137 109
459 1213
1943 1098
1608 1485
1122 1
1002 874
792 512
1869 851
1339 1388
1944 1232
1056 710
1618 755
246 1248
1650 1593
553 767
377 545
479 361
640 1426
731 1742
1945 676
1895 862
461 1780
1643 1488
1024 260
372 630
1495 1873
1139 278
92 1375
1159 1768
1736 1492
97 1378
162 37
1070 283
574 1354
1764 1373
1403 1394
1722 1493
1401 1156
685 1618
1245 1064
1453 1172
404 1417
1983 1544
1914 470
1650 1211
1598 208
1732 1681
297 624
1804 497
231 1899
537 895
1061 1965
1781 1621
189 144
664 1569
1881 837
569 728
863 1242
1343 1875
720 1946
593 875
1486 156
113 1715
1406 581
1238 1013
162 596
1438 1468
1002 1707
1072 980
446 504
223 1137
1540 1461
1649 1615
854 627
841 1095
1447 511
587 1275
592 181
234 832
1463 646
901 907
698 491
409 971
466 1839
1895 294
1912 1027
366 697
1129 1802
1213 866
301 897
628 241
1344 1874
401 941
1588 848
1514 1667
659 154
1144 312
1859 1077
1215 1800
1041 1628
1308 1618
990 1036
1410 1551
792 1495
1458 460
1072 1540
601 980
734 1538
163 1329
1856 756
233 294
1558 389
748 389
1923 587
333 1640
207 819
1515 464
375 1106
1076 640
403 154
92 662
1510 171
1535 1308
1696 1818
1811 1694
524 1883
1690 75
834 936
1130 1762
1829 795
1082 1793
700 1250
441 825
1130 391
1547 1669
1757 1510
456 1047
834 1527
1984 85
1816 1460
1358 1281
586 1703
660 1778
29 718
1922 1294
899 445
1396 1180
1031 1612
1973 404
745 380
788 1323
1862 738
1615 1856
261 1704
806 951
1167 378
1902 449
414 1642
829 49
1499 211
620 425
874 447
1937 867
1866 600
789 935
20 476
794 680
434 1578
880 1640
1121 1983
819 484
871 438
676 372
277 1159
837 563
1686 1414
487 1968
1029 1338
1932 679
1095 318
1594 1274
581 262
1975 713
1617 536
127 1951
1841 110
1408 1575
1531 78
22 567
1554 1756
769 917
860 175
1133 1143
1997 1703
1892 1563
624 1459
1034 890
53 1480
549 310
1871 416
1963 262
985 1498
1579 1825
1044 984
29 235
1863 234
738 1706
1946 566
1485 1481
568 1880
1219 1233
1147 1074
895 1782
1499 1732
901 638
106 994
1022 1288
803 1196
202 583
77 1542
831 1476
1209 1669
1690 1764
477 1710
1716 167
1696 1884
880 1043
1344 1421
771 464
665 928
1585 1610
852 1891
1933 1443
32 1477
272 1428
526 608
1677 1328
589 255
1096 128
763 488
1532 441
925 77
1032 129
405 500
1329 1423
529 107
529 1134
200 52
1281 54
1718 889
1779 1882
1312 1564
1365 580
364 1487
1364 450
1069 490
1034 1823
449 1068
676 1653
694 706
1408 1361
396 1283
168 1683
137 475
1771 1733
1331 883
569 1347
1496 336
569 1751
911 624
1529 1269
789 1552
1089 1110
1991 1505
960 1658
1418 813
1516 1277
1228 506
1193 1780
1868 236
1036 489
491 1883
553 1513
984 1573
1871 1389
159 1653
1602 1583
1621 1905
646 551
650 587
1732 1224
1824 1252
749 1262
1112 162
1055 1722
777 1019
1820 245
1656 22
1560 1580
1098 344
78 953
792 245
828 632
1210 161
1940 1965
676 1479
195 1294
2 1876
216 1798
666 1689
1550 1670
1250 1309
1353 1063
549 217
1929 1062
331 282
1116 1174
410 186
1132 166
1127 161
892 1380
1774 192
1570 1289
1724 785
1308 9
1832 1891
922 1972
18 565
1817 1156
711 1116
838 802
238 481
283 535
649 806
244 290
424 645
1359 457
242 479
1679 1236
642 1137
1752 1775
999 501
351 502
1036 1979
239 1541
907 1888
1742 226
744 1357
1555 1231
517 1857
1516 1850
576 54
1991 1156
56 1755
543 1453
381 1227
216 1214
47 338
979 1008
12 1945
252 372
1891 284
1921 1878
1090 1870
807 832
1034 1601
942 1406
133 1827
1565 197
559 916
1986 1938
816 1882
412 522
550 1693
851 1359
557 1022
1414 1568
612 960
1576 1760
982 800
279 661
363 390
945 510
1961 1259
1034 1557
1787 1970
349 235
820 519
62 603
1664 165
145 1018
1887 263
725 1222
1786 706
1640 1759
1752 320
514 715
616 296
37 746
396 1810
1110 1129
530 628
69 539
977 1998
305 1748
1671 1014
1057 132
1131 552
1073 1951
673 1001
1629 441
1265 300
1519 422
1647 593
719 113
1338 663
858 27
26 1459
251 375
1919 1021
129 101
111 216
383 1939
745 394
1440 791
1188 1835
1630 155
172 946
883 1042
442 1115
263 1625
832 1381
1314 1871
786 836
1773 1791
1196 347
1004 423
897 1732
348 1247
1935 1475
886 322
874 729
840 1762
1811 229
1728 1565
1357 965
1977 615
518 181
376 1140
1322 1667
1146 1849
1104 473
1991 641
1661 682
102 80
1752 1266
1868 818
436 269
1774 1807
1673 964
855 482
760 1614
1954 1053
199 674
1846 130
304 1040
652 672
938 1984
1355 1340
1609 1296
1169 288
1374 1559
1220 1336
1751 1003
944 507
15 1052
496 413
333 704
831 295
269 1260
1770 713
333 940
540 1368
145 389
820 947
1197 239
529 1099
507 1108
917 683
870 1889
1632 586
1550 632
1380 264
1618 1926
328 337
1229 471
1458 1956
256 387
914 1070
65 1802
636 124
1446 131
1114 1175
556 1172
853 1615
1362 151
969 1700
927 769
1979 83
1228 876
1802 1720
1728 1676
1405 1516
1365 578
127 296
1544 1910
529 1144
1649 614
885 1271
1958 691
1346 1079
867 1413
1084 815
56 485
527 482
94 387
612 1000
509 1173
1341 1107
271 677
240 705
623 1753
851 323
68 1130
1032 1739
1002 1968
763 1925
1850 977
1649 570
645 706
1126 1088
1295 1200
1076 41
567 1763
1430 1116
1810 67
949 133
1156 1500
386 1024
1944 206
1009 860
1190 1487
703 1724
127 846
885 1995
733 864
663 1207
935 1309
1023 1224
102 134
388 321
1351 989
1292 1834
363 308
854 1345
355 1377
1092 863
1325 1414
1156 1342
1513 1524
951 1283
106 3
1625 1856
468 1057
573 507
1987 1911
503 1180
1665 924
826 1561
536 1856
1539 1200
950 1478
963 1034
83 250
689 1596
221 1132
682 1497
453 81
1225 1722
1868 285
711 761
426 1924
1161 1386
1063 604
1717 404
22 1469
1078 1685
1507 1045
1591 770
742 706
1535 699
1625 1765
1886 1870
998 126
443 1837
233 1439
418 847
651 1568
409 1692
1402 1993
478 1469
1516 1760
688 1503
1968 546
611 115
1575 1486
1359 1947
499 448
1862 1105
1499 712
1152 1749
1813 639
235 393
772 1098
574 1348
1367 436
740 1691
549 889
688 1564
772 1793
435 1802
1390 1067
1820 1729
1959 1618
647 970
1996 923
1613 1605
1197 1616
1583 1919
1444 1788
1832 739
1501 38
427 1620
1656 266
1592 1138
464 153
1339 1369
669 1714
829 1219
807 90
1752 307
1948 651
1757 594
1451 865
1491 1375
1688 962
1525 1199
1244 702
1934 1719
867 449
937 686
863 1599
695 554
1096 1145
676 415
283 1558
1852 1627
84 1163
1605 1989
331 509
1954 1384
412 2000
1446 569
39 1078
830 1487
1587 86
412 777
510 750
1654 268
1020 1440
1748 123
809 1424
776 1875
979 334
952 1594
460 964
1710 32
1496 1934
500 1316
1222 607
1019 727
1706 656
1721 1853
902 1030
814 360
777 749
932 1600
330 1917
731 162
333 1553
1739 1378
844 985
357 23
933 619
1478 623
1181 209
1764 505
912 318
38 1165
805 1197
1099 1053
630 1865
1314 701
1017 1002
1767 494
783 1161
519 1307
1099 1885
30 1785
1415 28
1196 104
623 244
740 671
1245 851
1033 1388
1294 235
1360 1675
1506 1261
684 1897
593 652
1929 717
385 1626
29 227
1326 1099
1939 1424
431 1191
1743 669
214 1011
1392 1427
721 1659
1829 1980
1191 724
258 1444
611 988
320 1118
182 1139
861 1096
1331 1903
1014 550
181 200
1178 1816
957 466
1909 764
225 641
995 644
1915 1359
1761 1206
