2000 2000 20
428 127
911 1612
1946 8
1952 512
560 362
1220 225
1360 922
1313 1255
130 1718
1199 1878
3 574
1529 1968
1054 1225
816 1211
1276 1110
1488 490
453 1846
855 1523
955 128
719 509
1297 1011
1850 1288
836 1119
1155 674
1869 82
1621 1915
1421 785
1929 487
53 1677
938 814
899 596
119 1021
849 1526
1957 1938
1055 876
1934 152
1607 431
1924 1805
336 1716
215 126
1390 1119
1446 868
379 160
1514 379
638 504
10 112
400 1600
1595 954
22 548
1921 1109
108 1196
1994 1872
787 1011
1818 1836
1866 1878
353 736
1319 1466
817 1738
249 1631
1300 1942
1811 852
1629 1299
276 863
1760 1788
1315 441
115 1291
233 869
238 712
989 170
178 1649
1014 806
1801 1990
1693 600
1760 992
1182 1913
792 854
54 980
1444 653
1487 997
1114 1587
1362 778
1513 335
1899 1193
98 725
1438 353
664 487
1526 1989
240 1872
1044 200
1540 608
188 210
1225 1366
761 868
1051 1978
397 1336
1378 104
28 1725
1319 757
1264 1022
1813 891
1690 1112
744 1042
720 1042
1296 156
626 504
1164 1255
7 1148
391 600
253 1122
37 1104
714 495
55 1935
55 1701
1225 716
1246 831
1722 945
261 259
539 1645
808 626
280 47
1952 674
1233 313
251 1318
1049 664
1694 5
744 658
548 1022
666 968
94 1437
472 1668
690 1564
836 579
891 606
1500 1023
1269 1307
1797 1675
575 1783
1914 1840
865 1724
1828 1834
962 1188
1930 246
1065 418
18 1404
212 222
142 1004
1016 914
877 569
220 1314
1674 1211
248 1991
324 1846
304 1928
341 1138
1107 1811
711 1805
360 356
459 139
735 1541
682 1925
396 1219
577 939
1971 1150
120 591
876 1516
629 1441
1453 1540
1267 1772
1509 1474
439 852
1060 1106
40 1967
1584 210
268 115
1212 667
855 991
1998 128
1599 108
847 1006
539 552
1618 1745
24 1661
867 410
157 1266
1736 464
1733 1983
732 1149
1861 533
68 742
1497 154
1183 986
1466 815
408 442
1224 93
779 292
1705 402
1207 427
195 1719
835 978
626 938
150 775
880 365
1818 1399
1546 1929
650 626
1156 1290
1697 649
497 868
1638 1258
402 1186
323 551
783 1885
676 546
1747 1110
826 691
21 1373
1104 1205
1957 1612
1010 771
1634 1494
1470 1093
76 1714
1866 1176
1877 1163
1847 1230
1790 1690
1017 1781
363 1728
765 1018
1168 1286
965 1323
1510 587
1929 1981
1748 782
451 395
463 735
1194 1892
336 1414
1531 417
1622 1814
1641 550
651 396
49 565
398 1087
1050 1999
1338 788
1047 592
281 1222
568 734
74 85
1040 841
1156 1118
1532 426
402 1065
824 698
1818 1224
1417 1377
197 252
1265 1250
331 671
1690 1719
216 1121
145 972
949 1049
1285 315
50 1879
912 1741
1543 293
1045 1227
1253 683
1303 1348
805 267
1023 6
1469 1850
157 1673
274 1899
33 504
1038 627
1415 1172
1189 80
1745 1866
1370 502
1030 826
1264 28
1359 1048
552 483
140 1863
460 1182
1324 259
688 42
386 949
1205 1953
571 191
1865 1445
2000 1227
36 1475
495 668
355 1731
621 174
1216 1308
1374 2
1679 1970
887 848
1812 1370
403 303
247 258
1442 787
1133 1282
81 245
415 257
230 1253
820 1167
91 1695
1730 90
1843 967
936 1711
794 135
1152 380
558 1520
783 146
1928 199
741 1589
467 291
1842 889
828 531
1730 217
1966 1450
1322 1285
1534 565
613 1483
152 1351
622 109
1367 1743
1058 1678
1686 248
119 1829
1450 378
499 523
1466 1275
328 1951
239 1387
1810 922
690 1292
526 919
785 1636
1588 1720
1029 1013
594 442
1865 1321
647 577
1596 1100
1684 388
1524 1157
1060 1549
1623 95
1959 1498
1811 1012
1011 1983
1440 999
394 680
1669 546
1544 314
1135 913
1645 1315
1107 209
122 1822
711 321
701 503
1320 382
348 1197
1958 1186
1305 1852
640 1840
1619 841
1660 439
1469 1094
135 1695
1383 1274
281 847
1342 1432
2 1740
1586 1556
1052 1315
1376 226
171 59
841 1930
1287 894
1260 1639
1712 1323
1505 94
1112 1056
523 789
1566 1983
693 109
1071 823
1830 1424
75 906
129 438
622 1957
25 1516
1808 1787
1654 323
1531 1143
1511 1418
643 1364
68 120
136 159
1463 1703
753 314
1236 1748
221 573
1524 1502
1122 1331
1834 1312
442 818
593 669
661 1214
1513 1643
1330 1385
1366 966
803 1398
519 1782
1526 133
1830 497
1539 1368
988 661
1893 990
312 1131
1232 1477
1665 1187
420 561
908 1900
1 1404
264 912
30 758
97 1564
1975 941
1385 1234
523 647
1596 969
1810 1209
1537 1570
549 546
1467 391
1464 1972
1424 1135
1236 1254
1560 417
904 1796
413 1804
1203 324
696 1406
480 1318
1035 181
1352 1329
1612 1403
1278 1804
1925 725
1679 1350
941 563
31 98
1632 892
75 541
1505 1750
1373 1310
78 1806
1063 586
606 1197
1325 1235
1322 1095
1423 776
149 719
1522 501
1931 1601
709 689
1625 1377
1050 410
6 1391
249 286
1141 833
1272 1813
1420 1142
444 1784
1837 1947
112 611
1879 729
1129 346
1020 722
670 769
1388 903
188 1179
111 82
1422 1396
1221 464
118 1307
1021 965
175 11
1354 482
494 965
399 1207
1931 1188
1152 233
849 1965
1362 309
1051 1493
13 1659
723 1741
1199 686
1521 771
1251 564
1130 1465
295 1896
1285 1207
1005 680
696 275
1257 1401
1302 1580
464 1614
1959 121
541 1535
94 71
336 389
820 669
343 704
497 568
747 1894
1320 1282
1527 1171
1317 1994
53 1802
1624 1605
1649 1973
1501 224
48 1591
856 1528
1132 240
393 847
1325 448
1093 372
1839 289
1821 470
359 1901
69 1300
19 477
94 1239
350 49
180 1642
404 8
619 851
1968 310
1540 1568
1832 1508
1219 841
241 804
1074 1599
1692 841
83 1623
1967 1451
206 929
972 1309
724 1875
1794 1342
1302 100
602 90
1673 425
206 694
727 7
469 913
1898 772
277 1868
677 1593
619 689
1448 1422
1042 756
1706 1268
1370 213
1935 279
1308 1580
555 1856
80 1263
1981 466
742 781
140 1580
595 1776
801 314
628 976
1445 1540
1066 952
1651 814
1032 1532
1929 143
1827 553
1618 1920
797 80
1374 554
77 248
1123 874
621 1588
1409 653
1077 897
1636 627
482 1684
1198 1107
861 1425
866 759
235 1823
3 431
206 1522
1628 110
596 250
1642 446
885 834
618 1508
1599 623
1103 1319
1649 97
859 1104
1637 1424
277 567
784 712
1725 436
185 1426
451 1053
835 1075
924 790
1732 1469
101 1264
261 1005
1997 991
474 349
595 1158
1878 1069
1227 192
794 823
854 21
507 505
612 418
1627 841
1169 1267
492 214
68 56
110 635
1905 919
1439 225
1994 965
1469 397
1246 958
714 1658
523 1125
948 618
1496 10
1104 1311
54 1666
556 727
1244 928
1952 72
1639 1219
54 125
780 1610
1719 345
1558 1054
1155 183
177 95
1447 435
738 879
1863 390
1778 1884
816 1456
327 1834
1917 1975
864 1925
1623 991
1231 115
1525 1345
1006 873
105 73
426 70
745 649
884 118
1340 1884
838 32
171 30
1604 1581
1871 1905
398 1288
316 829
239 1195
30 1395
641 1013
1089 870
1256 303
34 1981
1725 538
1246 624
894 1810
1122 1486
9 1458
90 320
1548 1263
1723 1574
1285 255
1816 175
97 140
1107 1134
272 1784
575 659
503 850
98 1209
1419 1749
1075 598
1949 565
359 555
1968 1551
1942 1510
1510 656
74 106
138 919
34 1482
661 1919
122 1434
1147 1255
1050 666
482 1926
461 1609
1662 529
1557 1746
1154 1694
373 482
499 1288
1207 1571
1602 754
1008 1961
409 1800
6 918
164 1233
874 796
1616 1147
1989 1402
595 1144
1427 39
503 740
1476 706
507 1885
745 352
1687 547
402 1646
1037 931
843 502
80 151
1503 1491
364 1756
713 545
1084 307
1208 1448
138 161
1285 1466
809 1469
750 1988
248 1204
763 508
504 1858
811 983
1819 1218
761 515
1356 598
1394 1181
294 1565
285 579
1646 1139
320 513
768 661
371 3
1286 1145
1323 765
288 86
585 40
1834 832
1867 1381
1630 225
1112 300
1718 1586
508 718
1757 1460
279 994
1707 422
1572 140
656 1105
257 1509
1999 201
421 1115
1844 1781
35 909
610 257
107 1760
170 1528
1438 873
582 1669
1939 1893
465 1292
1060 1344
1368 1820
114 887
825 92
24 1069
690 1459
662 1951
644 446
1221 1566
1815 1962
1187 926
1622 1540
1373 1462
1113 205
142 495
1444 1204
1013 826
873 697
194 977
49 1774
1279 1584
1507 450
431 1835
1512 1676
950 1860
1029 1704
173 1224
1002 489
1144 1707
504 1273
579 715
206 1212
459 1463
1468 1218
1104 157
1955 1813
965 1699
97 1775
1055 1912
1596 910
1975 733
1523 1031
142 424
1901 1561
874 1786
1866 1516
44 1532
1568 1034
77 1008
1423 65
235 1218
1694 559
793 633
128 910
971 1733
1262 541
153 480
1759 1967
980 1620
10 1079
432 538
901 1138
656 1432
67 153
341 534
601 997
1412 252
1612 1428
1212 1519
974 1861
935 1921
673 315
916 45
1433 1864
1649 1383
239 1468
557 370
1096 457
1918 1085
1673 1717
133 896
726 881
956 726
140 1149
1066 1874
99 1941
1129 741
1985 1847
227 911
1411 1738
875 311
404 1151
295 407
1327 1455
685 392
1914 1082
1945 589
1639 1603
370 1152
55 1765
1497 1709
1518 765
689 914
269 215
80 1298
986 1312
73 1907
1462 60
928 301
185 638
837 1709
629 918
1339 456
290 317
1156 1857
576 1973
196 430
1251 1152
1703 1433
62 260
1691 1404
537 800
1826 1092
295 1379
1207 137
1374 1161
838 248
558 1187
667 785
148 1986
1964 1526
771 932
1735 1645
103 907
1058 1642
1181 1172
215 944
1314 1903
1384 1703
1369 1046
689 175
1363 1908
1796 1731
1473 1684
443 433
62 1944
1295 1088
1296 853
1284 1913
428 1425
888 1632
692 158
862 1554
598 293
1516 711
878 26
1510 1492
918 354
167 251
889 1597
845 482
868 1753
927 661
411 758
622 819
193 680
1911 1515
1608 1409
545 878
1611 1304
1343 297
103 1622
471 96
641 165
1916 498
766 1705
1075 1073
629 740
735 1050
951 1928
1933 593
1551 7
629 1326
940 1536
1034 1126
1696 1762
224 1401
992 742
1092 480
1881 659
833 1370
783 1771
110 976
1371 1160
96 1809
288 1956
1723 273
1156 1398
1256 1346
307 1256
1066 1583
1477 1923
440 449
1160 1366
1295 1048
878 998
133 544
973 655
626 175
581 495
1064 1921
225 475
1007 619
883 938
1873 1490
522 468
961 1190
1731 965
1653 449
1980 1982
1108 843
1041 748
41 1019
912 1024
97 56
866 1779
1090 1247
1901 1990
699 1568
1737 829
1157 1326
418 35
1437 891
739 57
503 1827
1880 1569
1649 1902
1057 1513
813 1095
588 383
224 1445
817 535
1569 1166
20 716
338 1861
1814 821
1229 600
1905 746
418 1719
16 306
963 1522
530 1906
482 274
1288 1532
1632 585
124 1649
142 1575
1070 1657
1870 1702
1058 514
1364 696
226 1977
1395 1785
1069 1398
1231 669
1091 843
1756 543
942 1741
480 1185
384 1353
237 1614
1635 1187
953 84
1781 423
1813 58
671 485
1225 992
35 700
606 1972
1267 688
1561 1741
213 528
590 124
30 1275
311 520
1505 51
1419 1471
984 1380
750 1437
950 476
648 1150
652 1380
363 1196
1328 175
842 1509
344 283
1374 1908
1846 1525
686 1131
1841 1432
917 1781
778 805
934 667
1072 903
219 536
957 514
735 3
1912 566
292 296
665 46
1080 39
326 1548
379 1178
408 1719
1936 1895
142 412
370 1742
1449 140
1761 304
1203 1008
1033 413
1282 163
1650 754
1280 1647
575 1780
609 264
1792 1981
857 1414
638 170
1124 1960
1212 639
1940 64
1625 910
1306 1798
1437 1586
588 1387
727 605
1631 1691
47 1645
246 433
280 1078
1394 1581
632 1484
135 1011
729 1481
1051 1572
572 1980
891 332
430 895
1781 1225
285 1620
277 1932
480 1918
157 1691
23 428
652 1802
56 1206
735 681
1417 1758
646 1728
825 50
159 640
592 1240
614 1513
937 771
1859 1186
1472 1194
162 1182
1606 1014
1042 207
546 632
947 1392
1889 375
464 1869
1708 534
1111 1887
1915 1060
640 1682
10 140
987 1932
226 1648
1526 1440
1726 151
1521 168
1538 1067
122 1531
1579 1580
56 562
1098 1421
1814 1644
865 667
868 924
1391 413
1882 580
210 722
346 1659
1849 1301
1050 1013
1055 357
1009 1893
1639 671
757 361
471 1215
804 1832
654 777
1296 397
374 1619
1863 1102
634 919
669 1641
339 795
1157 454
1611 1174
1044 1165
1694 1026
791 266
155 436
108 860
1471 1032
696 97
1457 1287
1170 1458
398 221
1097 1986
1037 1468
1540 1458
1286 679
1064 1526
1361 926
1865 1507
1177 50
1845 1901
1162 595
229 132
1323 580
1092 1003
822 955
1962 1195
131 1095
166 1263
1342 878
490 690
1263 1223
826 1026
63 1320
1768 76
1297 147
1470 1195
1188 712
1894 1656
636 1911
1101 1881
360 373
810 253
1386 1912
627 1667
1849 472
163 414
1980 1540
1754 363
785 669
1787 42
830 1550
1992 1293
1793 1672
995 1395
1119 208
1811 839
1251 148
856 698
47 1716
214 1128
245 1532
959 1528
753 144
1050 461
510 931
351 1350
516 1634
364 586
7 1011
1382 416
1326 595
302 1550
951 106
1012 1355
1086 966
1737 1037
2000 455
1375 334
1439 47
1316 726
1739 1429
905 1395
1846 1527
853 1900
213 769
873 1981
669 243
329 258
500 12
1804 491
544 7
667 104
1986 294
853 1559
705 1582
273 1211
1044 1485
314 1714
1850 915
953 1019
764 1967
64 1036
649 1002
301 687
1266 474
452 1453
1277 887
965 1710
1510 755
343 1631
1455 1460
910 1578
1891 996
120 1764
1294 550
301 1226
1539 451
260 318
1973 630
731 998
659 1249
342 702
903 1297
199 1174
527 1431
1760 65
960 281
1680 439
598 1664
1454 1902
366 965
1621 1771
712 164
454 181
246 1111
775 1970
836 1598
1070 1791
262 569
1059 1394
1702 1535
697 1791
881 772
1116 1910
66 1383
1176 1888
407 29
536 1767
786 1711
1201 608
549 325
768 1760
902 346
127 1407
375 604
1274 231
1734 1032
445 281
222 499
1962 1729
1961 1372
1362 109
802 710
479 236
1145 647
1419 1062
223 848
297 808
1240 1557
1602 1495
49 1282
1218 793
990 385
464 1331
1119 692
1956 524
191 998
1513 1311
762 1898
1365 1612
1890 509
1213 863
1150 470
584 1789
1540 1831
421 1374
1385 1996
236 360
357 880
1959 226
392 1816
523 1295
258 1075
1393 1993
1815 1554
780 1443
1595 196
129 1527
203 109
1976 1983
1499 609
965 8
1497 499
631 98
1096 1532
1193 880
1222 1347
1671 934
1332 466
967 93
886 1862
501 1537
1187 1769
897 38
589 1221
205 1513
1352 752
1756 1175
1136 138
1521 1586
1968 1245
786 198
1114 989
322 191
105 925
1113 578
1202 931
1846 1283
1353 168
1688 218
973 1227
1542 134
1852 1694
828 269
211 1022
1690 604
1276 769
289 1338
1795 1979
940 945
1600 547
1296 1730
40 1159
432 117
1871 206
1005 1647
1153 1631
1392 855
1403 43
1640 104
551 1252
421 522
1545 577
263 72
1567 1895
1943 1653
1741 1714
1400 37
168 695
1186 420
799 1505
1495 638
1190 710
1814 1743
179 696
817 1013
1099 1964
1968 15
879 1898
407 1591
1513 770
733 1727
1574 737
269 50
1061 1867
93 717
1253 871
593 1553
1633 420
1077 1849
617 1648
906 657
1137 360
101 642
1902 1855
481 331
386 406
699 1138
886 113
702 49
1664 979
1022 989
1585 941
1867 1119
898 1842
1891 516
1615 846
153 45
287 742
64 467
890 1813
881 400
1508 1287
1546 1467
1356 1248
983 1006
1912 308
910 668
1144 1357
360 575
484 116
1226 36
503 1803
1861 176
1140 1326
745 30
1042 1833
1841 663
1551 1341
641 660
379 1187
1336 278
18 1348
645 1677
1535 560
79 1276
1140 184
1817 1051
1216 1777
1374 1552
1209 1721
1996 1623
1851 1337
1187 1624
1703 1013
705 1193
1250 280
659 1452
1683 1892
1251 887
1200 168
1799 1702
1670 1584
1897 1131
1781 405
1083 1768
1655 141
584 1311
1430 29
1662 175
1204 1586
284 300
226 1169
886 57
132 1241
5 858
721 103
336 1903
411 1700
827 1539
857 1752
1281 780
271 122
1846 1068
1439 295
672 1435
678 622
1734 1506
537 592
1580 409
2000 282
841 1878
1276 1026
1192 538
1208 1042
1187 1181
1441 615
707 192
486 1035
102 453
263 920
86 61
499 87
105 545
1210 1192
1504 1736
1479 585
1416 112
199 1995
1863 1883
1414 1455
777 73
1985 371
473 1308
462 1813
29 1950
835 876
953 1986
123 490
113 1838
1407 482
1358 1861
279 863
545 1404
269 1282
1490 1530
414 330
1647 1296
1271 1600
1702 901
1664 1807
1030 369
1243 1264
1560 1237
960 1590
456 712
1104 637
893 186
1323 1550
216 266
1713 911
607 1497
805 226
740 57
1187 997
799 1592
1054 186
1774 1566
1296 585
495 1513
1966 1753
1011 1688
1909 1893
420 1591
132 408
1014 397
511 1288
12 189
760 1718
1124 1331
1478 1751
1621 1706
943 1724
647 1548
710 1905
435 149
1194 337
1638 322
496 1528
237 4
1828 1626
1602 1188
656 1247
1180 1843
1241 1969
708 36
277 1306
12 1282
1015 1575
478 832
1066 1508
163 1824
1793 1871
866 1373
1923 1517
598 1744
1387 333
1076 85
1821 977
1259 13
1191 668
300 1948
855 290
1173 324
684 143
677 1005
1458 1127
1413 608
1542 437
1685 1815
773 1552
518 1374
1764 347
1275 1879
1809 1773
1329 521
1738 597
1562 1707
1314 1461
1594 686
1776 1000
387 1286
1954 1106
741 1089
1937 1595
647 542
1416 1397
538 1323
720 725
1169 900
1984 878
17 1812
517 562
1046 1652
1612 1623
532 315
1243 429
216 96
1639 599
206 1027
981 769
1184 1876
190 1677
182 18
19 299
228 452
1296 710
365 118
1381 536
812 1461
767 269
534 1778
914 1116
1981 1806
852 840
1755 245
1837 1564
1796 882
1659 508
1576 1495
276 256
1327 1904
493 1535
1741 1325
735 1915
1762 1065
392 434
1879 752
703 1989
769 1911
421 509
1465 376
333 153
367 1154
1895 498
1013 1001
508 1208
1561 1432
377 1586
1045 7
1922 322
725 1849
795 749
1416 990
319 662
1825 524
1465 1743
1238 1937
1490 1282
364 16
290 404
1483 314
1865 1219
1408 1610
1853 1370
1750 1584
1715 25
962 982
1647 1642
1352 675
279 774
1828 470
641 1476
1163 831
1014 1067
1876 903
1414 1146
341 89
1379 1941
964 153
1661 381
96 261
208 982
1771 1567
419 199
592 1296
1560 509
1560 1252
94 1917
1871 1795
134 1181
357 533
1443 1119
1331 172
1974 1622
747 783
1463 1987
1906 1188
1560 524
1145 795
1741 583
1334 442
1816 1309
24 1547
1420 1325
881 805
1440 234
1443 1256
1296 1393
525 205
426 204
1696 488
1117 1750
1825 1053
1966 730
1338 322
961 1840
1766 706
1675 1069
252 931
1475 921
433 1751
1043 740
448 1025
970 1095
210 748
1508 1395
592 1477
751 739
1937 1899
1851 1893
253 1555
1548 714
420 519
1711 510
314 1374
986 1228
386 1491
1445 1798
844 755
1968 1689
1961 1195
298 196
545 1569
993 364
358 626
213 886
1373 410
1128 1984
1154 672
1158 244
1258 1698
116 804
1613 1470
1436 919
538 1293
1174 807
798 1308
379 1255
218 1349
57 1509
933 110
447 40
368 1847
242 1175
1065 676
1199 1536
993 72
439 226
1064 1181
1567 1211
923 290
506 649
366 311
451 1836
1989 1380
1785 1563
1055 951
1567 1410
1623 662
1123 339
1419 1242
1253 1489
1314 1875
260 1516
1335 949
1848 447
1296 1251
1218 1690
777 1217
739 1963
1137 1679
46 53
847 14
316 1681
1261 686
1006 439
444 681
270 1459
1026 1236
1753 1366
1044 577
681 1299
1511 499
579 575
1452 1854
401 1275
889 1404
340 911
385 1895
757 743
1781 728
363 1297
458 1358
778 1289
1537 187
660 1615
853 1081
202 338
316 39
92 1573
560 1333
1750 1535
169 1696
94 933
1039 618
1428 1655
1395 872
1813 570
620 1049
160 1617
366 19
1477 779
1036 381
1182 440
1860 1505
1405 1120
1270 246
118 527
885 1984
666 27
1634 140
165 1533
540 442
919 334
470 1193
1383 985
946 1780
305 943
1546 1054
1539 558
930 665
1927 1480
975 953
603 234
1311 621
1128 232
346 1391
1246 1886
1013 871
1763 711
1905 1886
1981 162
416 508
1299 1683
1404 569
105 1512
219 88
1224 1577
1389 1968
872 1652
993 1989
1863 254
616 685
1414 1120
1429 1177
28 1770
690 36
1511 1028
1421 279
984 625
899 1297
622 1723
1233 265
828 52
1663 912
402 1934
856 283
260 1480
