2000 2005 20
612 991
38 493
1047 762
1057 680
1945 36
1934 495
1839 514
911 1600
780 1309
225 1059
396 104
179 1850
1215 368
954 1321
1922 855
69 897
1730 108
1533 1569
1027 471
1448 1648
1144 908
475 1016
286 332
1921 813
1611 927
1710 1891
975 25
1234 919
1306 212
351 1345
778 973
1720 423
123 1000
662 15
1 188
1971 822
59 1462
537 643
1747 359
1476 595
524 1982
1148 167
1224 1804
653 1919
923 744
517 963
1871 1757
1948 1064
1842 711
421 255
691 731
1633 368
968 1550
533 701
44 774
1680 801
307 666
1828 1951
1698 1590
156 1393
878 1166
844 1461
1506 1703
702 1658
214 619
1414 540
451 883
1554 1358
1082 60
857 225
1626 109
1727 953
142 1882
690 799
1783 876
768 149
318 1580
1662 1373
53 355
1685 1136
352 1560
1981 130
1317 1493
1927 1449
517 555
1256 107
626 908
699 1238
47 1131
679 816
198 1576
1201 663
1456 1166
1068 1903
386 555
655 867
1845 1957
838 1803
1726 1860
1667 624
607 890
806 63
375 1298
82 1341
355 252
1621 1581
333 1097
1646 1648
802 71
281 1990
1848 554
751 79
340 1925
1944 851
348 1767
1095 984
668 1917
1056 820
1687 295
1675 584
1644 1111
1521 639
1969 934
869 1690
1969 635
648 906
1391 914
1347 766
913 1184
528 1741
108 1807
1408 1818
693 1930
33 272
1389 764
458 1877
229 165
796 1994
618 1583
1811 342
177 816
1344 181
765 794
1307 1237
694 1314
314 471
1501 1903
237 973
127 524
1344 1924
125 749
1983 1474
395 1409
560 1125
1555 659
197 944
601 724
479 765
926 769
1673 839
992 772
806 1912
1437 1141
911 1890
1120 696
798 558
455 1544
1063 191
30 1659
67 1319
531 1961
1360 748
1425 1719
674 1012
774 542
1348 418
31 1748
1352 1428
93 952
1763 122
295 589
459 1982
472 29
928 1213
1801 1139
1038 1312
341 1144
750 443
563 516
1394 727
50 107
480 891
544 1684
300 226
166 1109
1189 702
1739 883
1231 1032
1422 222
819 86
70 1497
223 1682
77 591
1060 617
1080 561
318 1946
105 708
389 871
1562 1165
1885 875
1670 1978
870 1966
311 1404
1091 130
1058 705
229 136
591 859
1732 775
714 1790
532 739
865 1534
1719 1111
377 1482
1640 1500
1980 289
224 1211
1636 1651
354 57
1971 152
523 1289
223 1067
1905 1837
877 1290
757 573
1169 479
188 792
1866 1920
980 1585
1084 49
1402 304
1943 498
1812 330
1297 1515
324 1863
40 1214
1322 3
1494 373
298 1809
930 90
6 1105
446 420
653 642
1715 260
1674 1706
1082 1859
1871 1711
144 1252
822 1030
1049 754
642 1567
1496 1103
126 674
577 359
1678 1656
425 1160
214 1519
113 587
1135 904
1875 80
1918 1479
1815 1626
331 427
479 1172
1323 739
357 284
1543 1715
1686 1258
52 1450
834 414
91 1299
1216 1281
160 495
132 852
1972 916
664 1235
1028 1795
955 610
1458 1044
888 1737
620 1616
1439 1708
355 1045
1031 1451
660 374
1335 573
1823 1483
983 435
105 1758
705 464
1630 470
464 761
401 694
1492 17
232 1849
209 749
501 1613
1233 462
1349 1781
1308 1135
1538 1706
366 599
1620 775
1510 1270
1417 1968
543 1100
678 565
492 887
1828 490
1920 202
1538 1437
1969 1785
160 118
1103 611
1936 1102
1296 1295
275 543
1047 1327
924 1670
1568 1663
29 1772
976 1151
756 190
1753 1159
1332 247
491 273
793 809
1825 947
851 741
124 1936
20 1078
683 1472
1791 190
624 1754
1976 849
784 1762
1922 623
857 1155
591 809
467 484
1250 1541
1554 1401
403 139
333 1359
1536 1302
1062 971
329 1504
400 1737
500 698
384 1208
92 1468
1457 1904
1376 638
56 637
924 302
367 480
1863 1411
401 1325
779 805
39 1075
1756 88
1883 821
1216 809
1377 1255
195 1444
1622 1778
1058 1799
1464 267
232 256
1558 440
1882 39
1241 1890
627 1938
1450 1051
153 1957
712 1136
1463 1146
396 628
78 957
1228 1992
1072 1010
1568 1127
1869 1149
781 733
1176 270
1697 2
773 1473
1044 1848
363 735
902 1206
1414 834
1738 1157
503 1029
1509 283
1498 1384
1197 1486
1953 1298
2000 661
1547 919
920 808
197 343
1876 577
1925 1040
1397 145
1724 238
1194 947
1532 876
288 1552
234 1522
912 612
557 1176
1563 297
1312 1955
1242 1991
1880 496
1624 138
790 1502
750 656
1681 998
1370 753
1672 1582
1878 1180
297 658
1206 1229
1947 1444
562 1337
1534 1137
370 319
1208 446
191 303
4 969
674 1916
115 1962
1221 1943
1204 1516
253 1046
1683 1008
1343 1683
830 796
1603 1238
812 640
1202 1655
1085 145
1363 1573
1783 1893
63 508
989 1181
722 1030
22 288
378 652
1167 590
705 1491
669 250
1704 1717
1625 912
1178 1273
313 1727
1664 1277
1187 1268
1073 206
1614 303
192 1183
30 835
863 1612
217 1102
1578 582
511 1331
1179 1888
196 1720
1033 712
1417 169
673 586
1350 863
1906 880
646 1611
566 1610
1843 530
1854 1385
1196 1606
1133 408
1981 1705
148 1069
7 1942
610 504
1853 268
1930 1026
458 1091
210 1560
1935 1880
239 491
586 1976
860 716
1549 745
442 1852
1413 1368
204 398
1455 1472
895 345
689 1235
1052 534
1434 759
818 1280
1731 887
1783 427
762 397
630 589
1622 1083
1427 1422
698 34
1750 991
1433 1417
1198 89
392 1195
271 1195
1547 1236
1672 222
2000 1178
40 1733
318 1357
652 1714
1992 671
395 305
1937 150
409 769
1684 1381
1244 83
1080 1540
597 580
1096 836
990 579
428 1763
1650 1511
936 357
1590 18
1508 1926
1827 1294
219 810
1725 1708
1484 1824
1620 193
6 1136
1598 604
1260 244
1573 1342
1666 128
1524 1565
799 943
1932 353
1411 1800
248 1077
693 1907
16 911
781 732
1190 775
1270 1957
179 708
478 116
1404 1740
763 868
1535 1740
1779 455
594 1203
1060 1230
42 1734
1813 287
917 1284
1250 533
354 791
1403 1885
1645 1077
95 1381
1286 773
1260 147
477 1103
51 1856
1645 1239
301 119
946 1129
962 1064
1143 757
233 1388
740 1592
958 268
1502 833
346 302
697 277
115 1246
274 1499
1821 925
932 967
1938 46
1662 1375
1366 1618
1890 545
84 1218
1310 1874
1631 394
4 216
481 844
1798 104
1126 1347
611 1580
1750 529
1132 1868
48 686
1526 1972
829 605
1513 1637
1031 907
1735 235
745 254
460 1363
2 537
1470 47
440 1210
389 1677
464 278
1088 497
5 144
366 606
1322 322
1052 1022
1576 1162
796 732
1199 544
1339 1752
1511 1858
881 1540
547 715
448 1
921 1278
290 75
162 281
521 1497
1531 1118
795 900
384 483
461 859
1130 1832
368 1689
1068 1405
422 1402
261 1499
1974 1802
1270 1847
1001 1876
525 665
1940 1912
1669 548
353 461
1480 375
1416 1167
1007 452
425 1412
723 215
369 736
1809 76
1431 1061
361 267
1205 695
200 418
527 456
201 506
1589 1441
1151 424
1885 666
1698 647
1944 404
1220 721
985 1805
1610 53
360 1737
1059 1421
1120 606
1046 1050
1377 301
675 1522
1794 949
1741 1610
632 87
615 405
583 1397
711 676
189 1948
1097 1745
21 930
559 27
71 1293
1439 852
1830 470
1116 355
315 510
665 463
1810 1116
697 1975
325 1161
655 31
1407 1760
1761 795
1017 352
1937 706
372 600
882 1306
603 1268
1927 224
1507 1543
1445 142
1398 1661
652 1265
1269 1181
662 1340
437 137
1260 81
1435 1283
359 752
843 1317
1523 1185
220 1438
700 1539
432 588
1321 1549
131 1581
1808 1398
1068 465
1400 773
1989 337
1284 1287
592 1700
1838 1224
1792 1310
967 393
1660 1453
1317 556
593 1888
1499 1138
904 1016
660 42
433 886
1878 1110
1002 1424
1184 1168
359 1532
567 948
1674 535
791 614
1170 260
1896 478
82 1304
1996 1759
974 1883
558 1435
413 1425
1905 1557
101 21
1312 1070
334 1221
294 1731
864 982
1770 1910
624 76
294 1721
1368 1979
1471 881
1175 1182
652 1728
376 1827
1644 61
191 1328
261 518
1225 587
585 1814
168 118
1528 469
925 1770
1745 1336
562 1082
570 961
134 486
853 656
1155 1004
819 269
583 569
1171 738
726 308
456 1717
784 1872
12 1988
182 1608
833 1990
234 1840
1431 1315
348 1505
736 1568
934 342
399 944
24 1098
1035 294
892 1235
767 352
1264 9
1495 96
599 976
862 178
40 692
1109 1194
1653 692
829 51
845 208
668 443
95 499
1962 1851
1511 1470
1756 1588
998 1566
605 1742
687 997
534 1142
301 685
936 842
1504 1557
331 164
776 1946
1171 636
192 1176
1263 1868
1372 264
1009 1546
1519 1497
1121 802
1301 1935
1510 1711
1426 856
347 760
1928 853
1911 927
1289 1742
1318 471
868 1588
1471 1748
1065 1677
1102 1631
245 1594
1182 1865
343 269
1668 1558
819 1526
183 1091
437 1014
1090 328
1024 447
699 672
1291 597
814 1433
1051 1605
290 1567
1980 1664
1652 842
1752 1931
1881 420
1230 1378
1233 998
1530 1301
476 370
171 165
1459 257
1860 1019
1105 444
1799 69
1024 1707
717 777
1195 1926
898 915
1527 70
454 1943
509 553
385 506
1776 1460
187 1490
1750 1909
194 15
826 804
1389 466
1319 1117
903 1551
382 1516
801 363
1646 84
1486 744
1390 120
637 960
30 1333
1191 1150
1875 1860
1747 896
120 1037
1570 719
383 399
933 157
602 1115
166 185
131 609
1800 1564
1729 1311
1910 880
155 1007
379 1207
1650 23
1623 1773
180 140
557 1589
468 690
520 99
1113 768
1465 770
1832 1413
92 952
1342 1572
304 1746
766 1757
1629 1965
1949 1759
1793 1874
1214 20
1140 1019
62 1739
247 172
644 1624
1121 598
1427 1959
1101 27
827 1591
684 873
1584 272
968 1578
1552 535
879 1068
1259 1517
211 1985
992 196
1165 589
981 1716
1649 832
1931 1229
1395 1434
541 1666
1958 1589
1764 1337
1741 1487
1704 1300
1920 1632
1775 1834
1528 1322
858 1017
107 891
1842 392
1056 421
1736 1899
443 13
1531 1181
1160 431
1026 1998
1594 1803
1329 1254
695 906
1387 1681
1821 509
1778 176
59 227
571 1629
114 762
670 710
39 574
945 1749
385 846
48 893
361 1651
1834 609
714 1556
1986 1163
995 1353
720 1988
364 922
1982 1287
667 793
1768 184
1460 1814
999 1656
1831 871
33 72
1952 1462
1156 563
39 473
1829 737
1810 350
585 1535
49 1767
1700 1399
1087 1437
1870 1345
55 282
1418 167
1577 1915
262 1253
192 49
1171 786
1324 335
172 564
296 993
1222 1986
1370 903
1230 146
388 1320
1867 403
409 1262
1601 1658
569 1943
137 1819
171 1279
898 1250
1745 1917
1866 1005
805 1240
1914 530
1130 915
1412 1179
1782 799
1252 1641
390 1475
310 865
1463 116
54 572
306 1477
1657 1080
1679 541
1374 722
870 338
1760 68
1010 275
467 1164
300 1370
74 1013
1769 628
1529 167
1896 4
1170 347
827 1139
1908 372
938 452
747 1480
1402 1467
1467 110
687 1132
539 181
1222 1432
431 1387
1673 1733
1174 2
1371 1999
1266 1665
1776 513
28 920
1636 838
426 927
510 1820
162 1320
1575 864
32 738
1154 1477
41 631
1172 1695
296 1277
988 37
730 78
840 380
1789 1765
932 1507
988 1574
1393 1555
993 1665
1043 1212
1011 709
1960 173
847 650
450 188
1669 1826
539 1232
1569 26
1932 445
358 886
703 386
1825 1249
1786 1086
953 754
371 1483
1747 596
841 60
1595 1203
1954 152
1548 866
1655 1283
1927 909
485 777
789 156
999 1601
743 436
633 1225
1641 427
1457 1431
573 1977
994 297
789 1288
1409 87
1478 1069
647 210
1728 1244
977 1937
1180 1217
1033 391
1648 729
1759 1565
180 884
1963 884
695 972
996 1781
1089 311
458 1330
1015 1198
1324 176
28 1456
1168 1796
523 1828
987 1122
649 807
474 1381
231 168
441 405
661 1383
79 603
1078 847
546 1247
567 785
1209 1258
1777 1308
531 1606
1073 349
892 613
579 960
1249 1907
258 874
1714 1369
1161 1349
537 1240
1440 1695
1403 748
1649 249
140 846
810 433
1326 231
193 1318
1977 1406
1722 221
1869 1386
1353 1593
1784 1469
1457 973
1464 492
1022 1761
295 686
1063 937
1996 406
800 1236
985 1777
911 195
772 207
893 96
1710 623
1154 1521
344 552
1325 679
1892 768
1654 1616
1226 1243
1788 1886
1694 1570
1407 138
358 1458
1192 1128
240 708
1036 1053
1503 1855
1187 1918
1788 130
1696 1004
929 1454
1793 1485
1586 434
1879 1923
1985 1239
783 349
2000 1801
1789 279
1780 910
415 447
984 215
242 955
1693 499
317 38
1607 453
1383 1145
289 966
1053 1774
1440 1358
774 858
1983 1816
1036 497
185 974
1657 1066
1830 503
877 1207
103 1532
1292 1564
1364 1347
1749 1153
1643 121
987 514
1548 935
807 1122
1029 1857
1993 1495
878 1846
1119 320
1085 1378
1853 669
447 287
1810 438
1789 402
1361 283
387 10
68 1991
744 435
1106 929
221 228
576 806
1621 771
1245 1851
1951 1898
507 1696
174 922
1895 1473
1303 1108
381 260
192 186
981 1598
1469 1019
990 1335
624 778
1365 1371
1925 1503
23 1959
588 651
672 568
306 1642
1210 1009
787 971
92 1197
801 387
1723 901
835 1914
847 966
1276 694
958 1062
1175 482
216 654
12 299
57 979
1596 1880
1513 771
1079 1977
1634 1548
1098 1443
1339 862
541 1518
1301 1374
697 247
1000 1123
85 1722
608 1818
248 513
1198 14
130 554
62 832
1835 377
1362 502
1107 273
848 962
678 1094
1072 1177
1999 1625
1145 1071
1379 920
735 111
975 691
1070 1602
1196 1500
961 1366
1362 550
743 255
1003 1979
402 1826
1485 782
163 1390
641 1942
1305 741
1587 434
954 622
457 82
716 1906
1802 430
1869 1984
825 1638
356 817
1375 1282
1224 1355
7 638
1420 1253
820 1269
1688 169
254 1883
1612 547
556 262
154 950
1011 1483
50 15
1945 1724
203 499
955 1261
85 338
1689 1836
979 1948
64 65
918 211
110 415
133 384
807 672
218 468
410 380
291 834
1793 43
1343 989
364 1204
1112 298
106 1117
941 581
1002 1561
1354 1101
942 1575
570 1110
850 894
1866 1718
429 1071
1619 259
1262 1843
1775 1710
253 795
73 1349
1356 431
155 1029
323 1639
1137 22
1524 309
1389 1382
444 182
463 1232
955 1691
1544 1212
175 765
1869 1095
1371 1424
72 1569
1006 1642
1201 1652
1427 1054
1108 1640
836 792
1041 1459
1734 1894
1407 1025
565 890
1351 716
1050 439
1941 788
948 1574
1533 1604
329 487
284 1553
1867 1623
1278 217
1862 187
1773 1660
1997 788
376 11
1718 1668
448 1039
17 600
413 310
1039 493
355 1488
1359 1613
1976 1367
1967 1326
117 1162
855 841
772 1317
1886 1147
229 567
1219 1915
728 344
98 606
872 1970
1400 1252
469 1228
25 746
1900 1805
545 113
1001 241
1188 1598
359 1466
1716 618
1394 1734
1396 740
487 1671
1979 367
19 640
245 1275
657 1727
1579 217
97 1888
875 1479
1158 395
308 1331
198 853
1119 3
508 219
1763 988
1020 860
309 861
1963 341
1978 514
313 282
1539 1529
280 130
681 742
1102 631
1954 209
666 505
1442 991
89 1709
432 1171
1627 294
1254 437
947 246
1506 58
1006 1689
581 720
727 416
1446 1686
1042 148
1691 718
1129 1366
1545 618
106 290
592 1584
1822 737
1522 184
1613 1410
1889 939
698 1514
755 1334
83 283
1323 91
707 1508
1360 1506
299 338
233 491
1313 1523
187 1956
1670 161
1617 213
1889 1723
277 243
495 1824
1708 1164
818 326
54 870
645 1060
1213 1619
597 1452
831 472
997 32
407 1313
317 620
1865 1334
1450 1619
1438 1577
1527 861
744 1392
67 397
540 293
844 676
430 764
1771 1352
1482 505
100 1296
588 918
1984 1341
205 1394
1482 1415
1248 265
1861 1780
1851 914
208 1626
1632 946
285 1699
154 1338
9 1798
1593 1849
1721 1518
1525 536
1712 1598
429 1819
1227 1304
1345 1247
758 403
1571 1583
1255 804
1448 1850
1271 1519
1559 1001
1133 1385
1100 1092
1758 56
41 940
1795 782
1272 1496
1346 22
323 1583
1808 1461
1219 123
528 873
1327 127
1329 303
417 1472
780 575
544 1490
1448 824
178 633
1605 143
1730 586
1324 747
964 805
1436 1426
870 342
1315 616
813 258
675 1822
733 1489
1899 1743
119 64
1904 1953
1050 1845
1852 1489
1900 44
1751 725
1483 1635
864 1831
1597 1363
1266 527
476 1027
761 986
135 1303
519 1563
376 1041
1245 885
305 1864
1153 236
856 1467
512 814
101 1354
1372 1546
536 158
625 507
1032 1923
951 876
1163 1973
1679 742
356 1309
1481 207
756 1065
1884 1070
1946 312
1769 404
980 213
1713 1517
1382 850
379 1221
1611 1423
578 1293
325 907
1692 453
1089 346
129 1772
1797 406
1191 1372
407 1285
1848 1034
1152 1603
677 1332
1637 546
1854 442
88 969
143 734
1796 830
328 595
1189 1066
1288 282
1399 625
882 1764
852 24
8 111
1282 885
393 839
1995 1209
1179 112
1955 1595
171 877
1794 243
1553 1542
1106 1373
1837 1037
1582 1993
956 1738
330 1093
308 1784
700 1430
1908 117
328 19
845 1173
1997 854
580 1517
1468 1451
1142 1227
736 836
629 477
193 141
1785 1967
215 1895
874 704
548 351
551 1048
1902 780
1147 889
1086 163
287 1755
1873 1864
658 1774
441 482
148 1174
1217 1628
854 276
94 579
1112 1690
977 883
266 436
1419 1017
487 285
670 1134
1929 1515
929 1950
383 790
608 950
1133 1072
1537 1460
731 1551
921 945
1861 121
724 405
1635 1676
1459 1501
263 1559
894 320
1361 1163
1810 1114
51 428
1104 356
125 719
1967 1647
1088 1699
622 931
266 872
878 1515
787 299
653 424
1855 1864
1998 1316
149 604
1933 1875
1186 1688
986 391
837 1087
1380 415
1099 640
811 1394
928 1787
46 571
1289 1251
1416 390
857 336
707 1713
682 319
473 1655
1074 316
78 916
942 1729
365 681
1572 866
522 997
538 637
1940 1479
564 509
867 373
460 1131
173 326
91 1092
1061 1055
1987 1465
474 1744
1571 1125
1897 1157
748 292
1939 933
220 227
489 1478
10 1126
598 520
1901 1565
926 1415
1743 221
1737 696
66 354
1316 1879
74 581
962 1185
218 1702
1607 1554
19 938
362 408
1048 823
582 315
1330 1498
1841 998
955 1220
1430 1592
504 1292
327 1747
1328 1410
485 517
906 959
550 187
1462 251
1118 35
930 1248
159 1089
1772 1505
1724 1350
1083 665
1297 688
1159 1476
214 1958
532 380
646 622
1211 559
512 1563
1514 1291
827 190
230 563
615 1780
1820 794
147 783
291 183
1922 828
1367 1709
549 1222
324 1465
906 1243
899 826
1274 1162
1939 626
1983 1675
1416 1127
502 251
1492 746
483 1067
1752 1018
867 1124
1921 1447
1451 797
532 488
1253 905
745 970
943 58
14 1692
683 1829
956 1330
419 83
1443 345
462 725
151 128
1256 1223
1008 1924
150 1445
293 1889
1263 1138
1746 263
632 1465
803 277
825 45
80 688
1815 1634
1995 1654
1659 1193
703 494
817 1076
1021 152
1595 671
957 639
995 1013
1032 663
489 751
1887 1935
1146 793
892 1302
1212 1630
135 1541
276 1287
34 777
798 1556
1424 1578
365 914
823 97
1840 149
791 1609
1736 565
261 449
1701 1878
1813 1295
1786 1224
1429 373
590 899
1429 1762
426 919
1898 1823
1513 1307
36 1267
696 645
710 204
1844 552
889 1192
897 1334
608 913
1092 1817
265 1688
621 1220
1173 420
411 1207
709 1977
1395 308
742 713
526 1051
1315 494
1751 8
1357 1280
200 1889
1947 1061
679 1779
1235 644
741 1428
1790 233
1200 38
1523 170
1964 206
1797 119
1340 902
1807 1812
475 1267
199 1298
1264 157
1323 815
700 1806
223 1081
536 734
412 1771
212 964
516 26
575 1587
1074 732
1693 1300
1638 61
1991 1542
1974 1816
1314 232
126 321
1049 879
1732 1260
1193 201
99 1892
174 825
746 135
1112 332
1449 230
388 892
1191 1446
1694 1218
728 235
235 1392
552 249
578 1226
1076 236
641 1020
704 1861
634 551
1236 1296
1838 1628
417 1961
1884 412
1369 1114
206 1702
1012 638
321 788
407 996
1718 1989
682 1913
1311 763
423 382
152 339
659 158
978 403
1205 1792
175 1766
890 1453
529 418
226 1081
1396 1484
434 445
1938 398
1970 1275
1338 1059
831 340
1897 727
1562 374
1960 1765
613 102
1585 167
1615 1897
621 1420
1612 1656
840 560
634 1753
1596 873
1609 1608
1629 332
330 1379
1113 1432
1886 134
771 1520
18 1617
515 463
449 837
629 1599
1360 1257
1447 1294
1774 1833
949 1913
965 783
895 710
1434 1192
1599 929
760 940
1507 1057
1871 1023
484 1787
584 1872
1795 1633
1107 1661
602 303
669 1123
1512 1529
