2000 2003 20
1480 172
1144 1951
1612 140
474 318
28 574
589 1608
46 269
761 858
1611 655
1784 605
1408 1388
455 231
745 106
1071 1422
20 1476
1493 51
1638 197
1881 788
892 989
967 1655
1730 655
977 793
709 968
1212 1392
1765 1519
1125 1975
1419 15
107 1571
235 186
1676 1721
836 1047
583 1256
1459 954
388 1823
1076 1377
232 32
113 417
1806 780
679 1158
629 637
1780 853
571 82
811 467
340 1484
714 1599
176 452
1291 1560
428 504
152 1148
1424 1105
739 1329
136 209
429 1057
1016 1220
878 1691
472 742
958 1625
1344 1384
1692 922
1427 1255
445 340
471 1467
771 1490
1592 1909
1428 1006
1297 301
890 547
725 72
285 293
643 627
457 1427
1123 204
1990 1311
1756 728
515 114
417 345
1640 1010
1248 894
1666 1246
1646 967
1477 1365
655 1570
1648 419
1278 944
1766 798
37 492
374 294
26 1939
912 187
721 1421
1016 1889
1912 649
1216 1437
1696 318
1918 1373
119 1580
1134 1262
703 1107
971 731
330 307
408 437
74 1982
1954 675
408 125
801 1905
1516 519
573 1554
1231 689
1455 1269
1502 490
375 1381
283 925
877 880
333 3
454 1621
1745 1466
887 1484
1163 986
109 744
198 124
1493 517
47 452
8 935
1522 23
1475 544
1471 230
1048 1275
226 883
731 61
508 1768
1984 1863
743 1782
1940 1784
899 908
692 914
1544 709
55 134
350 1249
1859 520
1545 258
939 614
771 1203
1007 988
126 246
708 1689
1673 1541
1533 68
1562 983
143 1573
1979 1502
782 619
983 698
558 559
1596 1600
1964 515
323 488
801 242
848 273
1214 1719
909 1504
1723 195
1286 75
996 400
946 938
792 1223
1110 852
1254 314
1235 1539
1104 599
1836 153
553 179
735 1921
5 874
384 1869
1641 252
561 315
1635 1162
1882 772
169 458
1237 1659
1899 561
678 1666
1411 1311
1854 1526
1211 1358
932 205
305 1519
1934 1806
1322 1070
350 1508
890 730
767 138
1711 1865
1361 674
154 1177
731 1152
441 282
1281 1295
1408 1403
1870 195
1649 178
375 1368
415 1483
1343 1188
1327 1977
1586 1320
1234 1458
1526 663
774 181
677 546
1494 869
339 1945
341 1155
799 266
1177 1560
1831 293
395 1580
1165 851
630 1185
52 1265
1435 1151
325 445
104 724
488 1078
1101 478
464 204
1083 326
1373 895
701 631
47 456
598 352
1207 587
347 614
410 1532
1663 879
459 1431
1299 363
1874 1229
1225 889
1685 1292
1105 184
1037 801
124 1216
1559 697
1034 560
583 704
1755 1690
1482 1456
1856 53
164 1615
1077 1793
1013 62
708 675
1149 1701
1185 737
1922 86
1604 1002
1375 1886
1855 16
1386 734
535 766
615 547
700 1191
1089 1164
486 701
1003 80
954 1609
443 204
523 1926
13 1605
1939 48
36 1616
635 696
1007 913
624 449
666 1206
1417 738
1027 967
789 722
744 1977
452 1773
1111 1650
667 1680
1045 513
538 267
1462 1594
1371 377
1310 990
289 905
348 831
52 1988
481 1414
291 1108
1930 359
992 1813
1638 51
1143 1506
658 667
1675 1085
1880 813
1116 979
1170 1198
1955 1408
1447 1318
1614 213
45 1196
391 687
83 652
1042 1882
920 386
239 1162
1965 676
1636 1306
1929 1008
1657 834
1650 166
1328 112
1821 856
406 1177
66 1042
1035 1594
1565 1706
565 1092
1299 1813
240 361
1398 1793
360 1243
1947 307
825 1853
1740 1266
115 1734
1459 466
1360 1484
960 973
713 482
1461 908
1082 1801
980 872
1620 955
1032 1102
1283 1145
1840 1194
753 547
11 1337
532 614
65 1691
1166 960
1152 1122
941 1204
33 59
514 233
641 1021
573 919
534 185
650 1006
35 1913
1448 472
422 992
930 126
1348 538
1790 1664
1869 1268
1290 841
1219 732
1537 1358
196 1401
89 1175
981 1330
964 1635
1374 1700
1448 1325
162 222
501 1389
214 1102
190 806
1743 170
1633 566
138 371
1073 258
701 1489
441 1983
1479 766
266 642
1485 1037
1922 1719
812 1030
834 1410
577 253
1667 1151
19 1068
171 57
1325 1064
1216 318
872 1955
1807 380
965 1726
942 1613
1981 525
1659 1269
542 623
1867 293
110 1709
101 1023
221 1239
368 1984
748 773
878 1671
681 1981
1805 1472
1584 358
1923 499
1639 824
1593 894
1307 1599
1537 837
1018 1953
1393 607
1603 1680
1587 137
186 1975
1483 319
1631 1604
888 43
832 1042
870 666
869 1950
72 682
1602 1370
393 1694
1339 1480
967 764
563 501
1655 1606
722 1620
1231 1183
744 1297
1387 50
1593 453
1861 1786
1293 1333
116 846
756 1756
1090 1498
99 887
1147 278
433 793
923 201
1003 1502
291 639
1074 1645
79 572
949 425
1024 816
711 1841
215 1079
1373 655
468 1133
1888 1970
1080 144
871 142
1179 342
1622 1842
1156 1883
581 536
270 117
341 96
1685 1588
1396 1855
1992 696
587 357
116 494
1211 1961
1108 1926
1944 350
1421 973
1316 1993
1252 1846
1618 1856
1764 1814
324 1057
463 782
1920 1627
98 745
762 785
1230 1759
1847 503
640 1189
1193 1326
1033 430
1464 954
460 1635
1317 1212
1890 179
1867 747
394 927
343 1787
1943 276
499 1050
1495 950
314 620
1561 1174
1707 325
368 1788
741 1525
670 579
1327 937
1984 329
1527 1997
70 96
714 1087
726 1681
1360 286
218 671
348 1670
448 1628
86 373
1873 31
1422 1698
1896 536
358 56
1295 1316
1010 1988
304 105
754 1101
1063 321
1723 1230
104 148
1142 1788
1895 175
1438 1987
76 760
1593 1749
159 1285
289 1432
1154 756
952 391
1494 425
419 666
1705 1163
1415 1703
787 1793
292 628
606 1200
75 690
632 1311
1729 1440
49 1261
840 1524
322 1969
702 1290
622 35
1475 193
982 1036
476 1753
1849 1481
595 1728
275 1490
1292 1713
301 416
1948 1141
96 1542
1078 541
1535 311
67 1205
1642 1590
1053 360
374 462
1569 987
1448 707
1242 1482
1284 1069
237 1092
63 1585
122 1555
1153 1363
1477 266
1313 882
171 136
1137 486
1233 1788
1426 497
405 705
881 1900
1044 1139
1694 1720
1810 614
1785 1784
102 1658
1608 506
1034 1867
1696 1139
244 1567
107 1306
815 567
75 338
1420 196
1337 1630
1352 708
720 479
1198 982
1739 1103
651 500
1568 829
374 1060
936 1895
677 1088
924 133
1933 1582
1251 1115
54 1384
421 1836
220 1284
618 1536
1897 8
1344 1949
394 662
1297 4
167 283
301 511
1827 551
877 1708
558 1065
1095 100
530 224
1924 1569
1209 1585
1441 1011
1522 1598
1054 1786
259 629
1544 909
1794 1289
580 56
646 1355
1711 1229
981 1004
1023 1910
924 42
1844 1329
178 1617
1005 1110
250 556
907 1531
1882 849
593 224
309 1701
1393 694
897 1574
140 1189
198 419
912 392
1814 1213
886 520
148 1076
814 1445
465 1058
1591 761
513 1493
1083 469
1120 1476
475 1337
1051 197
898 1334
926 255
82 592
1904 588
931 1057
168 1460
38 872
250 1996
1079 1862
872 217
86 1695
166 422
9 1794
1427 467
1210 549
1942 855
1389 1989
1208 1965
721 1602
1835 1701
698 1320
1627 1145
333 633
467 409
1454 1199
1333 1494
272 1657
503 1255
1246 557
28 893
1444 83
27 925
682 1101
684 1722
1697 1485
1115 1075
806 780
1583 52
191 1259
1887 915
1805 1698
1978 861
953 262
1406 1903
1523 1834
1737 346
1816 1586
102 1126
731 441
1575 916
1559 1791
779 954
1204 130
1280 1622
943 1066
1198 59
1917 1131
1747 1363
633 1860
1505 1081
634 738
1043 1277
355 1601
853 736
439 1345
269 313
173 947
1130 339
757 573
1850 830
1507 581
215 1943
1250 1362
298 1799
1683 522
1672 1501
1665 1696
446 333
111 1057
765 602
217 917
473 649
88 594
971 203
183 1490
175 485
692 963
1716 669
596 1629
780 1177
1375 885
1391 590
1102 1761
874 1563
1711 227
163 1764
1968 1660
1989 903
597 317
342 1773
1327 2
1716 553
1164 1946
1875 1000
991 1526
185 700
961 123
360 259
1103 1192
322 1718
185 9
145 204
797 190
1732 308
296 1834
1340 977
201 922
721 71
1137 1542
506 645
916 103
1342 7
1062 925
1930 831
391 1532
1498 712
1399 1509
84 1521
646 1755
206 866
1817 390
1020 1489
732 1177
1941 884
541 78
1204 1767
369 380
1193 1539
1875 1407
1720 602
1876 1166
941 1012
1774 469
1656 1168
1086 1266
1804 1998
642 1533
26 1565
558 609
1248 1082
253 1282
1959 1863
454 37
966 1642
500 1559
945 1006
578 1372
641 1315
682 1404
1502 1495
325 956
593 1495
1120 1964
1918 1094
69 333
1357 1826
994 1496
1725 1648
659 1331
392 521
1634 1108
120 1829
207 742
1960 125
1913 1376
8 1127
190 562
1954 1935
462 1828
346 1845
1312 213
1227 256
1322 1533
1837 508
431 769
349 529
1879 1080
1306 88
1088 1564
922 1160
552 1390
587 1136
581 804
819 479
2000 218
588 449
1910 632
944 70
782 1686
1035 1851
919 735
468 746
1898 440
207 258
1514 738
291 805
1134 553
331 1920
13 1421
325 1106
1235 1274
879 1435
1387 35
1831 549
1642 998
1790 1335
1001 524
455 908
827 867
473 47
1592 1771
981 943
1401 403
1622 1269
1384 1180
489 1223
1324 1770
1547 327
1806 480
1348 722
426 718
1454 1594
501 1384
455 896
1314 314
1974 1777
229 290
1179 1745
1832 130
75 179
1821 298
827 1261
1582 1699
258 194
834 818
334 675
881 1098
302 1269
1289 749
303 1854
1653 93
1869 542
129 1604
723 1337
1934 1893
1125 494
1952 148
989 279
1638 1010
626 902
22 1597
1603 1734
180 156
57 298
949 1427
1967 849
1676 1866
1049 1588
808 300
1107 885
915 851
810 928
206 1747
1468 19
1908 123
179 6
1118 935
1973 1869
421 716
1386 681
1739 169
112 442
1758 466
1496 974
327 1595
1277 929
1171 1117
838 1248
866 485
773 314
221 556
585 565
1857 64
1506 432
496 583
625 949
364 696
128 561
1719 285
1067 547
884 1247
1643 1216
551 856
1991 487
164 1317
1043 1341
24 1618
692 1574
705 32
1525 394
726 367
1575 1763
152 126
1541 1395
450 1102
1167 1488
1082 1
315 918
1449 1035
1531 365
996 171
633 1835
1913 1929
1801 805
794 1979
911 217
270 613
1780 608
1901 289
1179 1040
966 218
1297 779
1031 303
1657 1527
1576 1345
1793 582
1212 1577
1506 151
724 397
770 1085
1423 78
1747 1300
1982 1170
1354 981
1385 1146
823 1953
336 1308
1622 1465
1714 1496
601 580
143 153
130 718
638 1300
1424 757
16 697
353 1665
747 1026
727 1209
1486 364
491 1518
768 407
254 1813
1691 331
1432 1444
1710 1902
169 1800
1919 438
90 1734
1436 433
1558 916
702 1727
555 1904
335 1263
1017 1125
828 1310
505 1434
1464 539
321 515
544 234
1670 821
519 1319
1697 1931
1509 1058
1612 1096
541 401
1579 1137
562 986
39 1656
1678 1520
1549 444
1731 1538
219 182
999 1902
1272 1784
438 233
920 448
214 1359
1774 1184
862 388
1524 209
1408 354
1628 332
369 973
1633 1087
844 1187
1492 1622
668 1726
492 1814
870 1348
449 1416
734 1656
1888 1021
1419 1129
327 414
645 917
405 1173
300 279
1621 192
1582 1882
73 694
879 1555
236 669
1331 884
1808 184
1737 1754
784 964
798 880
1305 1871
1399 325
458 579
60 1273
1522 833
646 156
1388 1420
683 578
449 385
824 1018
1322 1717
1815 1399
1900 1555
1613 540
1321 13
933 1955
890 19
873 976
959 1051
722 1776
1241 893
1816 219
1122 1443
1318 1430
1389 1738
1472 1268
1962 190
536 868
330 1727
777 92
946 1864
1794 1870
565 1777
121 162
97 782
1849 241
1966 1099
1013 759
810 759
1971 1268
278 1561
1932 1586
1641 603
1201 1014
1025 442
543 1635
1014 707
1399 1200
861 701
112 94
1298 663
1761 1795
564 1121
1513 903
440 521
1923 745
739 299
1369 1604
1267 1884
875 1166
770 798
16 10
1812 448
1199 118
93 1207
427 1150
617 50
1154 1296
10 1476
1755 782
869 1938
1236 1733
957 1271
163 1366
1554 49
1271 883
1218 1079
532 1798
824 542
678 1193
283 1695
1287 1337
1498 576
1121 559
336 297
560 554
835 552
1260 878
513 1382
657 609
807 141
817 1918
1275 1360
144 909
940 1780
1792 1459
1646 1557
770 1728
1055 1454
476 1474
1025 1275
654 1596
1419 627
590 923
58 1373
1856 889
1264 436
273 1980
396 1925
1998 1100
1317 471
397 1845
1862 212
1874 1253
1054 611
632 430
1942 864
699 1993
1663 790
1426 688
453 82
443 1047
1648 597
423 780
189 69
1497 1222
836 1483
356 1761
875 1351
68 1991
485 1081
943 215
495 820
527 1444
987 835
218 1564
1873 200
1688 193
1358 1911
1520 1190
1765 977
1000 1704
695 1114
44 1776
1016 1253
1102 337
1128 1536
1546 1863
1271 1975
1736 1774
755 242
496 843
1656 1566
1694 33
1726 519
767 1195
1491 125
386 1821
765 1652
1596 705
125 1029
584 411
1926 1331
1760 1506
1449 1722
428 403
628 1880
248 982
1471 1885
1928 1638
668 1150
1401 1295
1589 11
1802 1529
507 56
1260 840
613 1604
1907 1160
829 821
1925 656
1202 717
1016 1991
280 1375
378 450
1238 189
680 758
796 512
1270 413
156 1868
1109 1413
1544 524
898 206
1530 1761
1587 291
935 873
29 1528
1560 1338
1734 591
215 1710
1956 1093
1222 1325
1529 713
636 1147
833 431
1215 947
1637 1037
1927 1837
1845 74
1585 772
1582 1651
508 819
1186 1329
1905 257
1077 784
1681 1033
253 670
1585 1746
72 263
1309 205
1147 1453
909 740
1294 1042
398 681
292 502
1221 1688
1489 665
1336 874
434 1878
412 1183
1945 1013
673 240
155 696
300 1058
570 1270
265 1942
1903 598
1028 481
900 408
263 1176
470 1182
876 1389
974 296
764 1976
1124 875
1750 316
1789 704
1012 244
882 961
1676 103
1258 865
1728 1135
1636 461
144 1748
605 105
45 238
1611 1397
36 593
710 1165
589 404
1951 985
425 1412
1916 324
1836 535
383 941
1173 1263
27 1551
1927 271
1199 1531
161 292
630 906
268 196
1765 225
1788 1600
616 1525
1735 733
828 588
848 1599
15 610
1548 68
541 426
1208 612
1871 1852
310 1884
1550 345
1728 1661
1374 360
889 1074
1059 130
82 672
1008 1109
767 873
609 1536
584 1470
1752 409
750 439
1957 869
1482 585
1321 88
1755 1782
670 1288
807 359
834 1709
518 1305
1224 1660
214 1157
1131 1457
918 1841
684 522
1089 1406
1226 1668
986 409
1127 1407
1247 1196
1958 289
676 410
1544 1056
736 477
1490 1043
1809 205
874 152
1797 177
1451 705
1345 470
1940 1019
229 763
761 977
304 1767
822 1793
1489 491
1594 693
1658 484
888 1628
771 1313
543 1211
906 1549
1302 1245
1669 795
1861 1642
37 1429
1388 1762
1985 977
1825 1837
1406 661
548 1646
993 1892
944 892
60 376
598 382
1451 526
1383 1306
342 906
1961 108
447 124
1350 1167
1171 947
120 1702
306 558
1945 737
854 1614
1147 328
865 1332
683 1850
1498 1292
1520 1571
46 576
322 1781
1617 1522
408 792
1873 1158
1649 927
1921 844
37 934
1709 1261
1303 42
1884 1937
1708 546
800 700
1469 756
1108 978
1252 1167
1604 150
365 1972
345 564
1282 995
516 1958
955 1871
1463 719
714 850
1304 159
990 923
320 1294
1683 391
1954 596
146 1691
1561 1302
299 1249
233 15
741 1965
1431 570
1343 1951
726 1428
1679 48
1550 601
295 191
436 194
1777 1543
1217 1887
284 464
221 1610
1454 509
366 1052
1588 1418
138 91
1274 826
1900 910
1597 568
1058 1823
405 245
1712 163
1038 1356
391 495
1140 1491
703 238
1353 1772
1161 1601
1415 1221
700 352
1877 300
363 1114
500 510
1779 1722
824 281
393 1917
270 1205
76 595
363 1906
1091 1710
1879 963
420 794
1515 1152
1440 483
1517 801
468 671
584 792
812 809
1726 1553
1009 352
1279 125
129 1995
993 439
648 209
387 854
75 1891
1167 262
1150 1582
1890 1252
951 979
498 226
1194 1109
1753 787
1015 1374
327 1223
1938 1378
1116 1512
1573 567
791 484
160 609
1915 1990
1578 1977
1411 975
450 1632
1629 1743
90 42
217 165
313 1772
89 1820
931 567
1202 1906
221 733
1539 1654
399 663
771 871
1607 1695
143 1478
1367 580
82 641
364 1433
360 1562
1460 445
135 825
1839 300
1626 968
1878 1696
1037 1332
1463 60
456 1783
1111 704
981 532
1394 742
358 875
841 1940
1778 1628
1668 313
1529 1316
984 459
1368 1966
620 1138
819 351
1337 418
327 656
1436 186
947 1523
1570 116
1011 1431
1161 211
1929 1251
1259 1556
273 560
1159 620
644 1676
1681 102
512 1442
550 609
1169 1657
1514 150
795 454
1744 1564
117 788
50 1266
85 1955
1038 685
802 318
177 308
1195 1669
1024 913
1081 1244
372 51
694 1212
425 852
792 247
1336 188
173 1011
290 1984
775 845
1778 1963
288 1615
1509 202
633 1647
1361 714
1873 1358
706 913
163 825
177 299
1683 752
1687 812
155 1701
663 1425
1038 274
1536 236
81 1431
1449 1994
489 1113
1487 1439
390 1641
1769 662
1288 1433
335 194
614 1243
1113 1473
981 1775
345 600
439 1084
587 603
389 1007
30 52
119 413
513 1323
1819 1998
1343 170
369 1742
369 1684
190 261
1111 673
843 159
668 1741
951 1597
81 1402
149 1134
326 776
1202 528
284 1916
114 41
1894 815
1095 1250
1829 238
1052 751
87 1739
1411 255
866 1197
1172 298
508 547
1184 948
1380 833
1937 1575
1771 823
264 1947
378 758
1540 1953
1438 1910
1182 1357
1641 23
1303 1446
1633 1483
127 592
1114 249
599 842
1276 1900
760 1046
21 773
402 1767
1938 919
1767 1528
1119 670
1107 1240
147 1114
1048 904
686 1753
1122 1792
377 413
1162 1843
294 1953
1496 1347
751 541
1952 28
243 609
1880 901
1568 581
1471 89
548 1160
1224 362
1061 1015
1414 1331
1277 756
37 1796
660 1127
1886 1627
256 392
1276 847
920 344
1697 1160
1727 1665
859 1771
528 765
1818 544
17 259
910 816
1884 1368
1572 367
324 1039
768 1534
1638 519
544 1474
1751 1544
1979 1465
1858 655
1280 60
1816 1382
1472 863
912 1656
1977 1400
1129 1156
180 1049
92 667
174 1791
1052 1242
945 540
931 53
570 216
789 1857
1966 1273
729 813
1792 1677
783 358
1597 1207
813 1712
1450 919
1092 1112
908 537
915 441
1389 664
548 223
1503 7
1257 1695
262 777
894 1581
114 1822
1038 1606
921 796
1251 1379
1649 381
25 1093
622 1538
1314 874
1053 1682
1765 1228
1181 1208
1284 924
1900 997
1844 1770
59 157
1667 807
436 1093
1046 1434
531 1625
1373 379
296 1445
1585 575
12 1235
200 94
891 1263
715 262
40 69
208 811
1995 547
1970 303
1580 897
459 77
657 1750
1613 355
53 424
151 937
1710 1154
1552 666
114 809
341 970
1494 886
938 669
189 766
1914 219
1305 785
1452 1416
230 1174
1352 1711
1585 1848
1535 210
1089 1959
736 588
1939 876
697 1849
1601 1736
1146 74
455 512
18 895
512 456
1224 1911
1393 680
1624 1259
809 1279
572 1411
1554 621
1701 1511
979 908
370 126
1936 777
484 1802
139 315
1102 1714
691 456
287 464
1448 95
1124 1623
1349 1173
435 678
1883 1611
349 770
1953 1824
407 1041
387 238
251 1407
1735 521
524 1186
1641 1833
1693 782
125 1733
725 269
1500 270
486 1309
21 1666
1935 569
134 388
1996 251
1729 1619
853 491
604 1819
656 1826
533 1786
1788 778
255 370
174 788
1803 1841
1724 1100
493 1207
1178 914
1308 1251
688 486
1541 453
655 140
100 1074
451 1822
834 1487
1872 1200
849 1999
1714 987
8 210
397 1674
131 1854
1277 14
972 515
1958 1372
839 1603
407 1919
1965 762
532 322
1115 1942
1551 1232
809 653
1551 851
1679 1291
1811 1974
343 1327
187 277
158 1960
1951 530
525 1250
1229 1625
1409 1177
723 704
1588 1141
1781 312
260 1012
1189 1022
34 230
462 1241
485 1899
159 1527
857 417
1501 1890
1163 781
1930 1104
993 1608
328 1721
1305 1405
1097 1387
586 1946
84 1308
1708 647
1927 1800
1850 1499
123 1300
1467 284
1132 889
295 1703
923 1301
1510 13
1698 101
545 171
1474 860
1803 89
774 1580
1896 1880
1757 447
698 199
1054 907
1458 1838
1201 1405
1686 1585
163 1440
7 1121
826 339
1306 1905
1335 1756
1458 6
1430 840
855 775
1715 430
1778 913
121 1052
775 1985
973 1819
652 1143
1231 1719
1970 1644
1556 768
1830 492
228 138
1176 1662
1339 1900
1038 1499
1072 302
1774 745
1723 133
1411 132
962 309
1937 786
499 1322
1346 229
760 754
663 923
1143 1364
1086 1974
242 902
803 739
969 413
1986 1573
