2000 2020 20
857 914
462 561
678 471
1894 1066
1813 1428
1187 1063
1993 764
903 1996
907 414
1529 817
1449 1187
694 641
1176 63
1445 1788
1598 732
182 1813
897 533
1128 1603
1853 1570
976 378
1586 361
1333 1122
1739 1738
1271 1852
260 720
760 339
320 445
1428 498
1796 169
1339 1616
1189 1401
1680 245
1986 1891
1535 784
1936 1227
635 914
629 1124
147 1390
526 1250
473 1868
1155 984
1574 170
170 1204
1754 926
665 470
1405 588
1061 724
1823 1070
229 1273
619 1282
476 270
526 1884
546 1681
1046 1738
1248 269
1086 662
1687 1106
740 1518
1801 865
27 1779
1674 1834
1999 1660
1965 774
1150 1751
1387 63
65 1320
79 181
1694 1707
1856 1667
677 139
849 1363
887 1228
1190 1429
1677 1569
406 169
628 42
252 409
155 1937
1075 121
1682 1447
745 52
307 27
466 431
1693 728
725 46
1079 575
1254 1709
327 1083
1458 928
1871 1577
1466 1277
448 1932
656 879
1391 1377
1767 1435
1018 1896
1874 1025
476 4
717 1623
1450 185
958 1675
1742 1625
1548 1735
2000 469
1534 1900
679 1365
1618 409
261 979
650 1053
1615 166
1187 472
988 472
221 699
1260 1457
254 641
1921 1486
722 1619
1528 826
807 710
594 530
1125 592
1299 724
1203 1134
579 1550
1022 41
38 478
1189 1887
1792 913
1771 587
732 1103
501 713
94 1862
752 1283
1218 1181
1790 1238
668 1653
478 340
489 1118
486 1599
896 732
1306 8
181 355
1855 888
885 432
1842 164
1119 802
795 105
389 1499
673 789
979 1888
859 267
1367 445
952 1275
1902 758
967 190
1520 468
691 354
165 631
1093 552
744 1760
927 369
1538 375
1794 403
1858 545
550 1170
172 289
73 115
1032 1138
1307 1093
447 958
891 1353
1753 1473
1409 147
1745 893
599 1435
872 286
857 1154
694 1799
843 603
1798 296
1417 1843
185 405
1708 763
1276 1702
1592 1121
1519 1951
1610 1314
1629 1761
1641 1592
1592 272
1205 1638
1660 1653
341 1167
1308 1727
1742 470
1422 1393
908 983
492 1680
639 520
265 226
1419 1454
518 1155
370 1140
222 792
1925 1500
845 402
1378 1734
1726 137
476 1928
303 1163
1894 404
1907 34
924 1430
542 785
87 442
338 549
340 1162
965 1664
743 1532
1639 1789
1951 1191
1816 28
50 1888
1047 904
1060 1635
1815 1102
1942 925
137 366
1566 1400
791 839
497 375
45 1071
1898 172
1570 1181
396 145
194 1074
1099 1835
453 206
951 146
1457 482
21 1801
129 419
790 1522
1308 838
1485 1616
1606 1284
1951 34
1987 1507
1944 82
231 696
1245 1727
418 806
68 1719
535 1100
482 1980
1333 646
1937 829
238 1399
1656 1844
1360 7
1032 1964
1107 1309
726 187
556 978
1859 1398
725 485
400 1473
1259 605
963 585
777 1736
825 1149
1086 691
771 1117
1711 1928
372 97
810 653
963 1830
1492 1384
887 443
995 976
276 1402
176 794
755 767
1088 1465
1884 909
1671 681
868 528
348 112
762 823
1761 774
866 1972
254 1159
1124 2
1866 713
453 1147
955 284
537 319
1942 1773
1313 213
1387 1898
1932 1743
1541 836
766 1714
11 605
1193 399
444 398
1616 1787
1801 460
84 594
54 1731
1736 1137
524 1211
449 1007
1402 1018
1581 841
554 570
985 298
1808 180
1324 1655
1117 1294
53 710
735 1534
1171 1212
703 303
156 1582
946 1310
1841 811
1726 27
565 881
468 1286
1050 183
1338 904
1441 1667
1546 484
1735 450
1875 1755
529 199
1213 1656
1636 1499
795 278
1861 1509
1720 317
1973 417
742 771
629 757
1921 1473
79 804
1701 79
966 1001
1584 1607
1178 1309
1445 1672
729 709
495 1395
850 1142
679 561
533 464
1662 1150
945 254
259 756
641 1295
1706 1458
339 669
1840 1345
411 1317
1363 952
1685 1015
1021 1515
114 603
627 227
332 628
810 8
673 902
1857 1791
487 1266
1448 1514
1746 171
299 492
850 1224
712 887
1181 1154
1476 445
1108 1647
254 586
1362 1233
896 40
876 468
550 896
1827 1574
404 478
996 1028
1362 882
498 1743
1641 1659
388 1939
264 1668
703 1786
1359 1781
428 1161
1209 1183
1798 1056
1043 984
1723 1715
321 787
219 339
1284 1990
370 1942
277 462
299 1084
1977 164
256 4
1626 1601
597 1342
1421 851
1319 675
1612 505
697 602
1904 789
1009 73
808 1923
1297 810
1185 794
582 696
1616 239
950 32
1778 1050
814 1286
1777 531
178 320
1990 275
1585 1736
1099 604
1133 1283
398 1837
791 1820
1527 1581
503 1121
406 855
1929 10
932 603
728 705
660 1154
177 336
1504 1889
496 388
818 757
891 1187
32 522
1153 297
895 1054
753 148
1131 132
250 360
1718 1539
1260 956
554 1024
727 1863
1627 1383
1423 1867
176 371
1593 419
1919 49
404 868
937 585
725 636
1263 1239
314 112
1071 578
502 1154
1811 255
608 199
1494 1995
614 62
387 141
738 862
791 1068
1674 241
1811 693
1262 476
1715 630
490 1508
310 1743
1670 1075
358 427
1856 1093
1832 1686
1304 610
1870 1699
1393 1052
828 996
605 66
389 410
358 896
39 1971
914 1005
1888 1243
684 1752
1445 519
1283 1956
763 29
1830 1479
1599 1013
332 822
352 1334
721 681
929 578
610 644
1335 200
1478 191
1372 114
802 1202
972 1424
461 291
5 1909
624 1422
1298 902
1281 1804
878 1469
1355 1828
1410 1272
238 1321
16 1797
1114 1904
1568 620
301 872
911 1727
869 1951
1093 885
1688 1111
197 1964
793 1772
325 53
1970 91
403 1493
1247 1760
6 1904
453 1283
281 1736
434 1972
1953 475
1885 772
1709 792
1918 1510
1744 614
354 656
1063 1678
1061 1495
1984 223
1099 641
1104 1116
519 955
657 1855
918 1542
1991 1305
923 640
700 1768
1630 1220
156 394
1086 18
1385 1579
100 1372
993 430
1343 871
253 479
943 1126
860 381
74 236
1223 1353
848 123
164 1859
1075 1352
1837 65
1045 1365
747 677
679 468
976 1492
557 676
1406 334
1931 1712
1623 1373
976 1726
1737 185
1102 1758
984 1646
611 190
418 294
197 920
1833 1914
1576 206
91 1994
1180 936
1826 1607
1954 1097
243 339
644 1076
1862 1627
569 340
305 132
790 751
1644 1304
649 1547
873 1753
1694 532
180 1684
481 1463
207 1633
454 1033
1913 1192
1843 608
309 184
796 1937
1020 411
539 544
1717 760
224 171
458 1323
1057 1252
1166 431
1745 1515
1099 279
723 1009
143 186
860 968
21 832
852 1133
171 1847
345 1611
769 888
594 634
1201 957
1932 1134
845 298
44 1169
234 1860
1188 1071
1421 594
81 629
476 521
717 1636
1645 1631
1586 1871
302 1981
1200 1018
172 1565
923 1489
673 207
1664 1258
259 1680
552 702
810 636
1762 775
1093 1470
582 1157
1944 259
375 1952
142 1460
17 1113
1827 1913
1881 516
1452 168
973 1191
1483 1160
916 296
1404 220
894 1593
900 70
1270 552
1017 54
423 1313
1978 1206
1733 961
618 562
596 698
1337 1685
147 666
1120 1886
960 1985
1888 1896
1218 939
1315 360
586 36
929 143
1947 1870
148 1931
1008 592
1736 1481
1630 1
315 668
1497 1944
549 1349
1477 1093
1384 593
967 1443
560 550
621 1318
50 978
1906 1344
238 918
576 442
755 225
1688 258
1145 617
1060 1219
1520 1017
1283 1457
1723 976
1210 1108
340 1523
1863 692
740 574
27 1431
1438 1153
1226 466
664 1589
1436 1131
887 626
1798 1151
627 1580
1445 398
1557 863
1916 398
1882 1697
385 1473
1609 1993
391 712
1239 840
1120 1427
65 1356
429 1876
1165 1891
1518 1869
1393 1110
805 472
710 1949
12 1451
958 1136
170 173
1680 1128
1388 1474
1943 1599
1403 1275
1847 1285
1573 340
1532 991
1154 1578
1072 1892
1532 1097
1958 54
159 1612
1599 768
1866 927
962 1207
1992 789
1792 661
1580 981
1876 695
1945 1642
1077 577
1612 1658
1886 1421
1245 1936
861 637
645 845
1743 1568
1144 185
1775 962
1366 248
510 1733
586 1561
845 1744
483 942
864 166
429 236
479 298
809 561
706 660
1164 967
1680 1661
1135 1053
1929 931
170 248
848 603
149 292
1630 35
698 1571
540 963
386 1407
1689 171
863 1538
1848 1423
257 1866
1002 1653
161 55
1914 1150
1125 1449
244 1965
891 527
1066 1146
1003 1700
155 64
1438 1726
134 888
1688 1071
1304 1129
1307 1597
1599 989
453 259
1444 925
1498 853
14 201
1367 741
995 342
1668 1175
1832 808
431 959
612 1501
1662 208
526 281
1465 1996
368 1771
1099 20
1735 215
1058 1584
813 1576
1709 4
1046 1215
1132 304
1880 1666
1862 246
1236 935
39 724
149 50
629 144
536 1599
1637 1058
309 1877
1614 985
1334 833
1922 1584
306 1428
912 1169
697 997
90 1396
9 376
1599 1267
762 1964
1654 418
1454 680
827 347
1219 598
523 1143
1986 170
480 760
1683 1665
1429 1244
1264 1997
1182 1181
1530 838
1804 1943
1951 623
1643 959
126 1140
1337 218
1587 403
1159 1834
144 591
966 137
1877 164
1649 391
548 1140
230 572
143 752
1929 1798
815 691
711 1827
276 525
1621 1676
1089 1766
515 221
914 1050
96 545
482 1502
1096 1755
1742 244
404 714
1822 1290
517 1505
874 191
1634 1177
1343 416
753 11
713 324
24 430
1683 793
1169 832
1734 1119
1599 1332
1981 1843
635 977
154 476
440 1721
1295 606
976 1947
1214 805
671 1582
974 1069
56 1144
523 1742
754 1795
806 1736
1894 1070
129 1391
1844 1691
296 146
1851 1577
1759 478
32 968
998 783
924 511
1611 1471
441 1860
1549 1897
1627 380
268 550
934 667
1126 257
952 1928
995 615
103 1928
337 1424
1713 1881
1955 845
239 26
1455 1162
435 1809
1222 605
789 1907
1413 1472
1133 1351
1641 1333
1857 230
662 1067
1869 915
1186 961
1308 1197
1004 1475
1996 1242
1516 1183
760 795
212 129
1605 1542
418 311
1025 1566
1147 323
1183 784
1473 1639
1478 1562
1828 1671
979 517
1525 1279
1220 1689
1681 238
37 1998
1187 708
1770 564
690 703
688 375
506 1445
779 644
1583 1158
1636 343
775 1389
197 145
745 134
993 550
232 567
1093 808
1405 1760
1805 228
1610 1538
440 732
709 1141
1581 571
61 1311
1034 252
802 1817
1879 1798
99 1746
1420 1154
1253 1865
712 1127
1651 563
93 553
171 1620
1000 1438
122 597
1085 1036
1032 682
844 68
1508 1246
1312 370
1719 555
1152 1431
1574 276
124 18
1582 893
1241 537
136 1371
1364 312
1196 296
144 383
1381 1473
1283 1858
1709 801
1611 1953
691 1677
152 362
1481 192
734 1643
521 1522
1433 1870
1267 797
1255 629
700 1387
1023 1821
800 1640
1064 1105
1347 963
1670 13
1638 1928
818 69
538 1310
636 1018
364 366
423 333
554 859
1048 199
1183 406
668 91
658 77
1646 1839
754 58
1893 1290
1819 1161
1680 1946
1784 830
1846 995
95 1600
380 1241
326 1971
1423 1488
1480 1649
15 1492
451 1656
377 157
1782 58
75 1421
266 1807
436 552
392 649
1538 1663
1358 1904
373 1513
1301 483
967 1228
375 1056
1117 1376
31 230
1229 420
1934 52
1485 551
1220 1336
1899 226
341 327
498 1093
379 560
999 1989
120 938
905 1996
1362 1959
508 1620
1763 602
1258 1814
1764 234
822 1608
346 1236
145 820
1230 1916
255 1835
117 52
1474 1220
1380 1981
441 285
94 1100
1288 1632
1885 375
1069 1832
477 794
55 950
1290 960
891 1726
1363 1044
1901 59
468 1309
425 365
740 1360
1398 348
1700 1990
997 179
4 782
1466 409
378 116
1969 1592
1325 27
775 1571
1761 370
731 1144
761 1413
1761 1064
152 1328
153 728
330 1207
437 816
381 1550
1467 905
367 1800
1328 990
1938 1683
1962 736
567 1080
1009 1907
412 587
749 373
667 1563
5 226
1504 890
1643 1915
1249 266
1504 1439
1694 311
1507 1610
455 834
592 1327
1227 1638
216 687
1810 567
119 1324
1735 1056
1952 674
1024 251
1559 1447
1172 893
137 25
898 896
744 1316
499 1609
1172 926
1705 553
190 1097
16 470
1578 867
509 1649
199 927
185 1518
160 1328
1750 1321
1692 290
1117 961
736 605
156 1809
247 977
1530 1603
1568 1860
848 1722
514 1307
1586 348
70 1406
440 1873
635 1590
513 1779
601 522
135 188
452 760
748 899
1679 406
296 298
1669 966
835 1266
1601 789
360 1469
313 1779
899 527
1695 1248
385 133
1585 834
1036 43
1770 1779
1258 966
1857 543
137 1541
388 1579
1464 1290
1261 818
1432 6
1282 1612
703 206
1887 433
1738 12
1369 1357
353 512
1783 1503
221 1109
269 788
363 948
860 335
196 1700
1828 1483
1220 1435
287 1876
1072 266
1161 1552
824 78
719 1008
549 1713
838 1077
454 1942
1865 995
1225 1678
1742 760
874 1566
954 343
995 1924
423 421
391 411
1638 1460
476 1514
1010 1370
359 351
79 534
1881 755
88 1351
1568 1132
1216 303
328 359
98 1393
1578 1798
851 1340
271 1998
67 887
1667 1393
629 166
390 211
1527 1898
164 401
610 781
193 1457
14 1483
459 1099
1824 846
989 691
851 580
856 1554
1318 353
691 1290
745 1031
1918 1283
1440 1155
140 1076
413 322
1960 1354
1544 290
1349 539
554 244
1059 171
1346 1729
379 970
1959 951
1415 643
1089 134
1643 589
1459 296
384 613
929 1331
627 1911
757 1825
1580 1697
1365 1010
675 1168
590 846
1554 1165
254 260
209 1162
563 589
1093 893
1665 893
1652 103
638 660
271 316
1935 1037
102 521
72 500
25 1090
72 1014
64 1029
1283 738
587 493
736 1273
1602 677
1698 1578
176 1643
478 1545
1006 1899
1426 339
273 775
350 489
1521 1115
1179 1779
158 1398
1845 1487
398 237
880 181
1160 1151
1034 737
639 720
1878 1237
1452 1535
1102 967
1696 1296
901 449
868 1027
1713 1592
749 773
1622 765
1484 1855
1624 28
887 780
944 32
393 88
803 1110
692 185
445 618
1837 30
904 1050
983 958
1411 360
1940 251
1536 1866
1425 1740
1147 282
118 1436
1841 391
404 202
1643 1466
1898 858
1415 1921
1650 731
349 1645
1019 1035
1771 1287
1538 698
932 1012
1402 1328
1599 830
372 170
129 28
627 1442
1073 1973
929 1926
1856 191
366 1673
1040 391
1076 1640
1080 832
716 288
992 778
1740 1566
1344 1662
327 1869
1783 1204
1545 633
1022 608
4 936
1921 1760
704 672
1738 1051
171 1968
1537 1888
883 276
806 1703
1655 425
308 33
1695 1732
1854 1988
1456 734
1591 1649
1055 707
144 1060
1458 1585
1436 1457
1023 94
1966 554
1600 906
1776 817
1688 752
1837 1685
659 1578
20 1649
490 1023
438 1846
358 471
1219 581
1079 404
1108 1267
875 1585
1521 47
1575 321
1038 1515
375 1907
1870 1257
1964 459
1406 1855
1241 136
344 133
1173 1184
1334 537
1864 914
1537 195
568 1897
1107 987
946 1511
615 971
1161 1869
952 1802
1855 982
1333 458
1677 759
729 437
1341 1933
1064 130
1016 271
769 422
1052 1905
1916 72
677 583
1303 134
439 1531
1108 65
1326 1178
1237 1222
1748 1966
648 1135
683 221
489 608
1266 1975
165 252
1599 1930
1857 1050
1310 950
16 80
715 610
567 774
1858 217
1846 1408
283 1862
808 1240
9 1359
295 123
425 1746
1238 398
1329 1620
689 1181
650 1887
1145 166
1365 92
429 777
91 1696
1177 308
1096 362
141 1056
1616 1058
691 917
1453 884
1252 238
17 1465
886 1256
404 512
1154 1580
23 45
325 1190
1239 1765
1311 1291
1151 1830
286 467
1543 1621
654 466
647 1606
1468 1338
1961 1663
1300 129
1506 544
893 1704
622 1882
930 1998
1228 1087
1945 1317
1676 868
1613 1738
1520 728
789 1500
430 791
1769 162
1730 946
4 821
1596 1702
513 1149
1278 1528
673 1895
3 46
1138 262
940 1921
490 399
1930 1198
735 1538
736 1099
798 552
359 415
345 231
837 798
661 1336
998 848
296 1183
846 1363
1321 1567
1162 179
1928 240
599 600
1747 928
1584 597
276 1346
1619 1030
1963 796
1272 458
1527 667
1935 550
746 312
1060 1412
1075 346
1818 1683
131 920
1744 889
483 1676
407 1663
1334 494
1791 949
1908 585
371 1387
205 425
1158 107
18 1513
747 1588
679 778
820 1322
1102 293
167 456
1725 1515
1515 658
473 89
159 49
1964 1604
39 927
893 553
1269 339
48 185
629 884
1812 1171
1686 1462
1049 1359
235 430
1774 728
1416 1167
1645 456
571 1628
412 23
1883 1469
189 578
253 151
90 1156
1443 958
1041 1365
397 1428
135 1386
505 420
354 1843
1080 604
764 481
1623 325
187 291
175 1140
437 1009
152 1378
911 465
1956 1854
1130 1942
668 76
271 1657
321 259
104 616
1951 337
185 1713
242 1487
57 893
932 1109
1939 752
473 1922
1160 1533
238 936
1532 191
300 1527
1379 1466
644 1752
730 357
688 1482
1101 1846
1823 786
1277 1902
31 1595
86 174
1447 846
1018 526
536 612
1518 1523
1250 1960
1019 1967
1060 145
1054 1050
629 1039
1053 642
1036 1997
1173 623
1764 1850
1881 664
1142 236
1295 280
716 1957
1214 1362
1912 247
1153 1975
135 587
955 507
504 411
537 1097
892 1910
1359 1258
212 625
439 218
94 453
1800 1514
1228 1886
94 164
1491 813
788 1551
1282 327
1929 1194
172 938
331 1428
322 568
489 1840
1790 101
921 1520
1037 144
1648 1427
666 1927
988 1844
123 463
1753 1404
789 1504
1619 1881
530 1710
1546 374
2000 736
554 480
466 1058
396 1617
340 1123
1678 907
1098 848
1571 1201
134 1387
527 1256
1540 1284
1268 301
513 687
972 1749
34 195
1290 1350
1788 1806
522 1512
558 92
1654 1289
1527 844
1564 1075
617 670
1709 1235
760 534
1639 1983
1265 466
964 1126
1496 1693
516 975
541 720
910 10
1101 108
511 176
1496 1026
409 999
1067 157
274 1944
311 1094
160 210
1645 409
910 1785
1305 909
1948 1972
1849 1259
1741 673
1803 1402
125 673
478 608
29 685
1314 1525
1187 1736
1957 763
359 1295
1127 584
1626 1239
1319 866
1898 129
701 1637
317 726
1271 1540
1632 838
641 374
643 1293
1395 689
986 301
959 1692
1921 1578
525 408
335 609
204 1187
1028 608
922 278
1792 474
613 762
1170 214
114 71
569 200
1638 1667
106 1657
1481 1757
988 1446
1174 1257
1890 720
1214 941
1662 730
1920 1961
1274 662
1580 22
1438 1375
1423 1066
1283 375
927 1702
643 770
270 276
932 301
110 480
1910 83
968 1708
668 270
1428 1475
618 1558
858 291
1776 1932
947 1052
1487 491
1044 1195
370 819
1921 1112
1992 1148
607 19
1739 1498
1036 61
1081 546
557 1021
173 1718
371 1036
1248 1638
607 347
1976 49
1798 686
338 1042
1438 933
1139 689
1556 1121
1886 1234
1082 34
64 702
842 512
754 1979
871 1262
1798 843
891 1917
1438 1583
1476 446
201 1805
395 1024
102 211
993 104
576 254
1916 1242
1568 877
191 1394
1512 739
1837 127
245 1724
203 1774
128 983
592 547
1829 1644
522 1418
184 1199
606 180
533 1995
1715 649
1221 506
1929 1739
185 663
1659 1517
423 134
1660 1603
1206 391
1538 1315
91 264
959 1104
1555 829
523 799
1360 1493
1553 690
948 1091
712 1199
962 1601
959 113
969 1196
867 1154
1177 1962
1413 1662
189 233
974 861
980 1436
694 1572
1293 116
1330 1886
1122 1095
834 1055
1714 1609
1839 1780
1137 1357
266 1065
652 997
150 1582
191 1308
1640 281
457 1126
854 1609
1771 1578
1935 1011
961 847
194 738
1586 1500
1302 1739
1225 953
488 1288
976 1463
42 1504
465 1490
1723 1231
1499 567
438 1982
402 95
1866 19
21 1078
776 702
230 90
1476 573
1217 73
1713 445
641 1414
533 371
1671 750
443 812
950 440
1382 1687
225 531
111 667
595 412
1248 1075
718 151
1130 1974
522 398
1457 831
1292 1677
43 565
252 109
1056 679
493 746
1277 356
85 1245
1756 1222
1220 712
1735 1812
1667 78
1538 984
867 1280
440 1115
242 1121
362 1769
1290 904
24 198
1985 426
1208 245
632 371
1343 559
833 1836
466 542
1524 1845
1348 1019
706 1361
424 549
757 86
1622 1900
1109 1990
870 781
163 1457
552 948
1588 386
244 378
651 610
1486 417
1080 1687
266 1986
1931 60
1947 1690
992 994
59 1439
1117 1935
586 1278
171 1872
171 185
114 1793
1310 1961
1176 1594
1319 1222
1666 1478
919 869
1929 733
576 655
1419 1319
1397 98
249 630
311 672
1062 355
1065 1728
1434 1243
303 318
138 400
802 400
197 147
296 754
1584 1413
946 1437
1716 1312
893 382
1967 1222
640 1076
1862 322
1899 1338
1461 610
901 1962
1831 1836
1289 1560
472 1903
462 51
1211 489
1950 713
172 1993
1676 566
1189 64
1392 1580
880 1838
827 1374
582 728
1626 1232
892 851
1092 1315
15 1134
1584 32
574 116
263 1010
1087 1341
1941 671
1745 1861
1971 336
1251 1581
139 976
271 431
1526 1636
1922 329
1624 1681
852 1368
947 1984
