2000 2007 20
802 776
524 1392
659 101
645 327
545 93
81 790
1125 11
1586 1811
1961 493
701 1768
1376 190
20 1325
638 1493
794 699
731 1055
1608 976
1229 412
1192 874
1525 184
1134 404
991 378
156 549
1612 666
639 1439
1537 952
953 1208
1027 1390
1004 190
233 803
463 567
1482 1541
1754 105
1398 1406
1599 1995
1430 487
1714 1000
227 1137
785 108
878 1601
487 1742
295 103
800 559
1498 1388
1954 992
258 23
83 1076
541 204
945 1672
819 1914
365 472
1592 306
444 322
1022 477
1519 1237
1374 1801
1721 186
117 1380
824 1710
676 680
692 1779
1359 1233
881 212
1208 1075
900 1580
820 1673
1973 324
1659 180
1331 723
1245 1488
1317 324
1498 1250
975 1866
1730 832
427 885
1220 380
1886 1947
1146 1043
1719 1148
1750 1618
605 425
1555 1457
1605 113
223 1580
1623 669
42 548
1548 952
1667 1706
1485 1228
1428 907
1393 338
787 1342
750 1888
1514 49
744 1067
125 915
402 1568
973 1064
1422 66
1718 1658
1263 446
1519 907
410 616
170 407
198 1775
1664 1970
1617 1041
700 1091
233 1900
1495 1318
1186 960
451 501
78 1409
1614 842
545 1180
608 500
128 957
664 916
822 1757
1046 1644
394 1547
547 1275
980 134
1226 1247
270 345
1754 1304
1930 1812
637 216
373 1701
85 1365
642 1229
1813 1810
561 1114
673 800
1977 523
619 1618
1335 1764
336 945
1446 1678
803 869
17 1123
1174 653
1121 1815
164 123
945 1204
655 1315
1772 1184
1277 1614
239 1585
1652 798
931 691
725 601
1954 1201
887 1352
78 871
1983 1618
343 1537
1058 818
1472 1356
1862 1313
253 149
282 244
1646 2
438 895
1352 892
1159 1524
1037 1622
339 713
95 1865
442 964
701 1236
940 958
1920 324
777 443
1833 947
1810 1638
448 642
1550 1752
1716 781
495 196
1164 229
1690 1448
382 719
1662 130
1246 498
261 1675
1682 919
439 340
228 1531
1123 924
639 1615
1145 1568
1545 1842
202 1577
1627 933
283 1089
507 1564
346 1483
993 946
1787 886
99 617
772 1661
1391 1671
1213 302
1329 699
1953 135
1979 103
1311 1053
879 193
881 1129
1420 1266
656 62
719 1519
832 927
1365 1482
1859 1784
783 579
1759 943
475 108
33 484
498 456
1322 1067
144 1529
456 1661
1898 1644
1053 138
978 732
1796 737
1516 103
755 1219
897 1106
428 1170
1352 1358
1747 1828
1235 1392
1287 570
655 311
1183 462
493 37
861 337
553 1731
1796 849
1956 1642
1742 820
1135 1946
1341 1790
50 1499
1014 1292
1557 1499
1147 290
1258 1700
400 1670
1308 1829
1544 515
441 1825
1926 1116
1615 923
1536 1581
187 1128
1992 1797
1679 1424
382 1385
492 1201
924 1697
473 750
88 1382
911 1055
1893 1191
838 846
992 75
1009 1018
82 1170
51 906
555 1324
339 1876
716 1920
1435 8
1115 1533
1062 1749
271 291
1927 918
831 822
504 1441
1675 425
648 1724
477 1535
1380 1246
1619 1901
1576 1956
399 225
440 1851
566 1293
92 259
343 1457
344 1884
841 764
440 862
78 206
1304 1262
1696 527
1550 770
462 1039
686 773
1083 1000
1281 1754
196 1557
1775 1086
1738 422
95 621
1797 145
1273 1989
1412 1742
1528 10
1207 719
250 186
398 508
1381 1230
557 203
1927 1749
1023 335
386 1473
390 1424
1852 1138
568 281
110 1331
1669 1140
73 397
1596 421
782 122
668 378
273 1968
1698 682
1067 1086
186 485
460 513
847 210
422 1633
34 632
460 509
1645 662
416 1736
1683 635
1793 424
1866 440
1730 693
1058 1725
128 78
1374 997
241 1213
598 736
1467 1951
335 959
1031 397
53 1938
1084 1241
797 95
476 1831
1683 613
1300 422
805 991
1837 1478
763 714
551 569
1109 1343
1761 1699
180 662
460 1561
967 843
397 1122
960 808
1658 961
1798 1846
1915 1715
131 1942
597 581
1357 1378
719 1212
838 1845
720 1280
1190 1533
1832 1390
1473 1307
1624 1222
1069 1395
344 1976
1019 1175
247 477
185 67
594 1554
1685 713
871 1755
1327 641
1766 144
652 1965
494 677
1874 1568
1319 982
78 1294
1821 617
406 215
1769 1648
1264 1963
1925 1580
1402 1452
1501 505
390 1555
845 368
616 476
183 1146
1081 353
1546 28
558 1689
1951 271
447 1399
1251 192
18 1220
1674 352
974 9
1732 1367
179 808
299 1903
1086 9
776 206
89 1324
402 12
245 1534
1850 1759
100 1484
760 1329
8 1533
766 670
668 385
877 1389
1268 1803
905 1695
1603 1340
107 662
1728 1144
1549 98
280 1374
519 104
1663 1654
1340 1355
774 1309
1238 1383
1379 1430
1832 1399
853 1619
754 411
763 1727
458 1494
900 560
646 1924
1163 1196
763 1445
297 1764
159 539
162 1787
1281 1584
608 373
1606 1455
1703 1444
1309 1158
1975 1876
620 1283
985 759
1119 123
1861 1666
1611 171
1134 370
630 1195
1186 857
5 421
1775 966
1152 1496
136 983
1627 420
553 1006
404 1181
784 568
1462 371
469 1852
664 633
832 1361
1900 1664
820 1771
1261 1662
209 1418
964 997
1188 813
172 1246
1590 330
1407 1487
1775 806
1171 962
1580 417
1666 1153
1317 112
155 647
218 130
636 1895
1735 1866
189 1852
38 521
1317 1783
105 954
11 1593
503 1249
1061 386
1803 1420
1215 1765
664 329
901 405
1174 1442
324 466
1292 206
1563 186
1646 1752
1197 1369
1349 224
1609 1136
1555 431
1589 1655
922 1502
184 310
714 1947
1045 1011
101 647
1216 1038
211 169
1864 1886
592 154
1087 144
415 972
987 712
1667 1870
1731 1186
1515 153
453 1017
1364 1416
414 1769
1255 1667
1567 1597
1983 1362
1161 16
390 338
1342 1613
929 289
167 1602
1272 415
100 793
1967 1389
393 145
1430 235
333 1206
738 784
1075 1900
1621 357
675 1666
722 1894
1118 339
1498 761
1543 154
1420 788
92 1945
91 64
1099 1436
549 850
1893 1748
1567 1430
1067 201
1180 1349
934 674
363 1124
1374 1512
997 955
113 762
920 2000
778 565
619 1371
1189 1087
1772 62
977 29
414 906
1738 1753
1588 180
486 1546
1246 1342
1089 361
1546 1856
95 1483
1116 761
662 973
648 45
1234 547
1580 1380
206 297
778 898
1086 1733
919 1807
1569 1243
945 968
1544 1469
1105 1173
1915 1194
1584 812
1258 416
1974 587
1341 1404
449 1526
1734 801
1888 1372
84 232
701 1243
1201 1057
1082 1287
1521 1879
769 574
396 1144
1664 691
1324 1615
352 1812
1053 972
975 1100
27 799
1199 195
1101 359
930 1533
1112 1558
543 1641
1733 220
866 573
1836 152
1796 1917
671 1443
556 1322
585 117
523 622
1997 1978
858 1067
271 1098
714 317
720 854
367 1029
1556 1866
1402 751
1925 160
1142 1389
1875 1924
1317 2000
91 476
197 1
1635 706
1944 321
791 1199
1070 352
1700 377
1005 1631
949 1331
713 275
669 505
273 153
1688 1661
1370 134
1802 18
1839 1098
585 95
431 1545
252 855
254 625
54 1098
1509 899
397 756
1537 790
1368 558
1530 1701
1681 489
1963 1633
935 1759
274 15
1182 1612
1457 1803
1957 433
467 1176
1437 957
331 255
913 1260
1474 753
1702 21
997 329
1217 430
597 272
1668 1478
1595 59
475 1899
881 1714
455 1644
1010 383
1083 1386
736 1758
441 1559
707 1804
246 870
41 169
499 1661
1350 1767
1174 508
1115 935
88 964
1344 1225
1925 1248
1237 1774
1779 1485
1520 9
1298 1300
238 469
509 1767
1863 629
450 912
1325 1486
1087 22
1147 540
1192 664
516 575
1145 1987
1667 1387
370 1429
561 440
1544 1726
1431 1229
972 1637
936 756
1016 1300
1897 722
456 715
1244 1020
1355 717
80 763
1027 36
422 1079
1246 1457
725 527
1589 1708
1737 928
1454 972
1078 1263
1654 703
584 1286
1287 961
1281 876
593 868
1137 84
30 1210
202 889
1179 1336
1694 1421
427 662
429 885
1261 689
166 1433
1689 1910
744 939
1635 1969
1647 172
1798 1883
199 677
1321 1340
927 625
765 885
1207 703
618 1814
1680 562
813 501
1463 164
35 335
224 1318
1646 647
377 1279
1421 301
484 880
374 1540
617 1723
1554 515
657 167
1175 113
909 91
531 1908
1529 6
1697 1695
1600 773
929 1156
1063 198
932 710
1854 1331
1329 1625
250 1532
1292 433
1497 924
1014 987
1872 590
1490 249
1091 720
708 286
1714 1922
1590 1440
176 1986
1817 984
31 1086
707 1499
1331 266
525 614
1149 443
684 1983
895 608
374 343
1893 1732
1299 1532
1256 1663
798 910
975 304
94 1710
1390 1826
1968 1787
784 1380
1956 1631
928 1492
194 628
974 853
95 1822
43 1030
1684 199
1403 434
1677 163
121 1116
752 312
1808 178
1498 489
1172 531
616 1552
1456 1564
420 244
341 134
1332 1632
127 658
1204 1626
345 1653
1860 1052
1796 1148
1924 1203
1466 819
1178 1048
187 1670
1751 1033
354 1960
63 1303
833 858
205 707
1819 567
280 641
841 1770
1160 1273
201 630
174 645
44 48
23 662
914 241
1493 709
590 1340
1164 1504
574 444
1218 313
349 1646
1704 306
544 1173
1441 403
1412 880
1640 1950
1086 1155
1394 1611
773 420
1570 499
1859 832
1297 1794
1131 1866
1539 63
681 655
767 1650
230 649
1808 810
1201 981
1054 370
1994 1135
742 1739
827 99
90 1803
469 1828
618 489
1751 1434
1040 483
719 9
705 1426
1460 1379
621 1172
577 1044
1376 1871
1938 1297
1022 1068
1584 1733
1459 502
1153 426
912 1448
1049 954
1549 1795
808 21
1242 1564
427 225
1239 35
1898 1524
1167 1742
838 970
320 631
1657 385
326 91
1927 661
1383 1900
364 1022
1441 483
1806 587
522 1716
1144 24
1226 369
1446 1574
1847 199
224 1835
754 1408
624 1765
294 1037
956 685
997 352
332 224
41 1479
511 224
1273 1430
563 1827
1921 1693
290 1021
255 266
1633 1349
1951 297
1533 1344
949 514
709 626
43 1946
1089 1660
1472 280
763 1632
802 478
991 1291
800 127
761 1979
323 542
1940 416
1215 610
1895 1201
662 1492
415 379
487 1821
532 1215
782 614
1670 1347
1194 1873
1328 820
734 1609
1191 124
537 1814
431 795
256 1637
1474 1645
714 761
542 1102
362 1946
391 369
210 530
29 522
189 733
1038 1383
1131 1730
881 1301
1348 1314
951 285
240 775
30 1685
396 334
1510 326
1007 338
972 1918
1314 1443
1058 719
1752 1941
1476 521
1636 285
1886 1200
1192 665
1568 487
249 1816
137 1610
886 97
906 999
1340 35
1488 1890
485 677
1902 811
977 1596
834 1262
1792 1339
1481 1227
904 92
1150 1616
777 949
1779 690
760 1963
698 1620
512 835
166 748
1025 343
1401 1223
1499 386
1635 872
1810 1743
231 550
961 1776
386 1641
1974 1913
1363 1116
324 459
852 1236
267 1369
1881 1595
1880 1342
1884 1682
1698 1936
1856 301
1714 859
133 1076
246 750
1862 1868
1983 1919
1811 1959
214 631
386 634
1271 761
1777 1481
1696 1090
1007 1489
629 1748
1425 275
1933 1126
1342 245
873 527
206 884
1369 1276
1710 337
52 1371
1136 596
18 778
401 1230
1618 1155
1144 627
1841 266
1427 273
1849 1513
1950 1799
1314 1667
131 1985
1790 1853
1936 1762
1827 471
540 1124
164 241
662 309
779 444
1722 1911
1412 479
318 1614
1979 426
713 1772
1500 882
1483 971
1414 1200
1971 1246
1375 1344
386 590
1163 1462
470 769
1522 1431
296 321
926 1590
1803 1060
1 1666
19 994
652 496
1902 1252
1141 634
288 675
1769 1198
1047 278
463 482
1308 1707
1259 1324
1120 212
767 516
1730 714
587 1626
233 1974
577 448
713 217
1944 616
1665 404
1891 377
1598 99
84 864
284 1555
326 1288
941 1041
1151 538
444 362
81 1689
798 1946
1426 1230
477 418
1390 1962
894 179
23 1878
1457 1127
840 402
1454 1996
815 126
1889 677
775 1745
1967 381
82 1983
1564 1660
1538 1820
1314 394
1677 1508
963 1852
679 973
201 584
177 1951
688 1076
1201 1147
317 1447
1699 255
1481 120
116 1687
323 1639
250 1506
1084 1034
1400 347
1092 1094
1106 1404
1108 422
1589 850
994 686
540 1792
852 1116
1202 230
1018 354
530 610
590 588
1917 735
1477 1691
60 788
1833 389
487 1527
397 749
227 745
1329 263
1470 875
1572 28
1142 786
1618 1139
445 259
768 1028
358 612
915 319
1209 1629
1675 1206
1949 934
519 194
1300 1683
1420 1012
1869 8
100 185
1922 757
915 1499
1389 432
208 1390
536 191
903 206
1804 1154
931 529
832 131
1293 582
1884 1671
1247 465
1116 348
850 1166
711 21
1834 350
1590 1255
1342 324
661 704
883 673
265 1202
221 1107
1912 1855
1153 925
1526 1131
1542 763
1370 1464
1364 263
1377 442
1571 181
167 844
1025 161
145 15
1366 21
1475 1923
974 1450
1320 560
535 142
893 1677
1493 1342
959 771
1990 548
1780 1531
576 1792
1805 1020
1289 699
537 1523
1305 1058
203 206
960 129
994 173
823 1364
1040 115
1709 979
1449 682
1527 1097
147 903
207 1335
471 1351
1334 1442
1528 1258
1594 927
537 1107
927 137
1584 258
1819 219
1099 1742
1015 857
1468 1204
786 187
1669 1984
79 1626
1276 1397
1643 461
1154 1966
1046 1438
1833 620
453 1841
784 1573
729 425
299 1407
976 775
283 1505
592 1929
1694 1103
1359 360
1538 989
508 1618
165 1680
1896 815
1116 1956
67 344
1441 367
1843 1852
1799 1775
603 1722
817 1855
472 9
580 1698
1143 607
1704 314
196 293
327 787
371 1789
1564 1109
368 871
58 344
1963 522
609 486
1797 230
1207 67
1091 837
1575 1173
552 1916
1521 358
1975 1713
56 1236
1729 902
1130 1353
262 1981
667 1358
907 791
819 51
1407 357
264 258
1363 685
358 1296
1779 1258
690 867
1946 1275
335 1607
1726 1053
130 413
1824 99
492 369
1748 1451
1820 55
325 1896
510 1351
1396 1486
1937 1751
1116 865
106 113
507 1092
16 1281
1840 1177
409 1983
1951 1378
1934 645
1560 646
462 975
1994 1419
471 339
437 545
1852 1900
1296 169
1201 577
347 1172
1991 477
597 813
734 1583
1113 652
1897 1293
1218 419
1578 27
615 1376
1211 1189
534 1832
744 1798
64 1680
996 1186
1415 1553
1254 1736
1290 697
1110 882
1809 900
1710 651
1626 1697
528 512
677 1764
982 1095
109 950
1371 1643
1741 517
654 1473
1346 580
1411 1652
946 1392
1077 1164
28 1214
641 209
1729 342
983 284
680 589
760 1513
737 1972
130 1615
1165 36
595 860
663 985
1730 883
1385 477
81 1353
1963 1482
132 1334
1904 1730
1117 1515
1157 1527
145 944
690 134
1943 266
896 853
1137 865
1322 1187
191 1685
1395 1956
1267 879
1163 92
1451 1325
63 913
520 1935
578 1600
959 726
1437 1910
366 409
241 343
988 1539
115 915
512 1285
944 1624
1959 912
1880 1837
1823 1834
1720 1858
362 1083
950 1877
216 1469
182 606
1666 86
139 1882
1108 1818
65 618
1018 1634
1300 76
1992 843
110 542
1423 1215
739 653
865 1906
1499 780
1231 1026
1413 402
1491 898
1065 1800
1433 141
257 1967
235 283
386 1916
1480 1582
1258 727
143 716
1249 516
1698 175
1218 1628
943 1981
356 1134
809 1110
1857 1550
839 984
1349 934
841 1360
528 114
1651 1726
292 794
286 1746
766 1675
821 1553
1083 329
189 1622
562 1232
290 742
1407 1751
386 1785
481 1524
57 1429
908 796
751 1533
1131 1902
1637 1302
1315 171
248 1891
1767 119
730 755
763 1740
602 1620
950 1765
309 599
1905 1558
1042 928
1096 415
388 145
459 25
96 115
1276 1426
26 1567
39 1224
1620 1756
77 1504
1330 494
1581 530
1717 270
982 740
982 1818
851 808
508 1263
1309 98
497 1031
516 1461
1584 1941
785 828
1 452
395 400
1403 1575
1890 1519
1952 1435
1810 23
1274 1080
1024 533
355 645
564 1791
206 1722
100 269
237 80
1927 973
202 139
1691 1541
1111 1133
972 276
1336 1292
944 1522
782 1995
721 1972
1919 1269
1711 614
921 1124
899 750
835 794
1278 204
135 871
113 455
794 1742
526 339
947 1278
643 908
1480 616
644 700
187 976
1567 829
1207 1502
1302 1028
1076 1369
1253 1405
1860 852
556 942
767 1383
985 1568
1884 1988
1251 1432
825 913
226 788
1271 1933
1870 1459
826 644
1843 1939
1687 585
1835 287
158 597
1323 553
754 1637
1032 129
1823 1323
82 683
1440 1405
600 1556
498 1616
1467 1887
522 595
1148 1909
1233 1974
469 1669
1434 303
912 339
986 1941
1511 708
69 1173
404 1093
1231 382
1589 550
408 184
863 1927
315 1303
1527 1233
761 669
1885 1655
974 1815
1630 1047
372 1064
321 1757
1879 1292
339 91
1376 101
1620 975
1417 462
1156 623
1065 1294
554 1929
210 979
696 888
1281 1331
1373 1612
660 1454
24 222
1147 1386
163 848
71 1893
78 1775
1606 115
329 1544
1162 492
907 961
672 948
316 1687
1479 4
1867 1878
1329 816
150 1921
1825 49
436 754
407 773
1001 997
1870 263
1458 896
747 458
1730 572
423 612
21 1585
68 1819
907 339
387 924
303 1763
1741 148
184 1990
785 890
702 1624
661 1858
1886 1862
1146 1936
1088 258
1155 37
1951 1051
917 1240
1710 1430
145 305
508 277
1510 1931
761 187
289 1968
1731 66
975 830
1729 1147
1874 990
491 1116
1615 937
718 1659
49 995
246 611
1587 1982
246 1733
291 538
1861 1465
1604 290
383 103
1508 1273
1748 1205
197 1013
1804 1744
1071 1333
746 1919
752 1203
279 647
1998 1003
743 955
872 1692
490 1702
1345 701
1892 1215
1801 464
1309 1637
1487 539
38 506
1090 1553
191 457
1316 332
915 1990
1646 810
200 912
1710 1186
1152 164
1312 827
985 1036
1122 724
1995 796
1896 1487
1888 1655
53 1018
108 1999
1799 1241
319 63
1921 1251
650 420
707 1587
669 258
1581 474
1579 1752
878 472
243 675
386 764
326 591
1430 773
1066 224
1565 964
1401 906
836 129
40 1116
776 39
263 328
1429 640
146 1366
1893 761
678 580
1178 809
1976 87
1686 1791
7 1001
554 1528
1366 111
300 354
376 286
1716 1265
1146 347
809 1453
1322 1384
66 533
1167 263
1406 320
1892 166
923 1132
101 730
140 1793
1985 1085
527 488
978 635
1247 1856
891 1408
244 1008
1680 1924
392 1663
1955 772
1058 579
375 1904
883 1169
1329 44
940 424
1240 648
377 1676
118 1261
41 1146
502 454
807 1171
887 1588
1935 1045
789 90
1444 344
851 728
32 688
1507 140
1059 1146
1589 1518
817 511
792 963
219 1257
694 472
977 1093
1189 1058
1781 1696
1762 34
344 758
518 516
1968 397
598 835
1670 1282
1258 1527
1517 1123
320 1544
1267 1410
1293 455
1035 1378
1914 1171
425 1192
1923 1522
1502 142
1646 608
475 1306
1751 450
1870 153
1104 519
70 1137
1329 1617
329 1730
157 1863
991 1722
1326 1304
1383 696
546 1943
1888 1635
435 1461
551 1820
405 1076
47 1760
1259 799
244 1595
1714 782
958 430
1337 1383
1126 1295
672 1057
773 69
1504 472
475 1086
1722 940
1804 938
1544 202
1435 1045
507 1816
1821 1562
8 1244
1566 1795
593 931
1559 1612
1936 206
74 1614
1615 794
1329 8
695 1344
1329 586
1344 496
1778 22
1392 92
1133 338
1840 1086
67 1833
571 1914
1241 734
1645 1773
274 1741
1932 1106
1074 583
1236 731
709 1221
1155 1073
224 167
278 1201
1009 1410
513 1980
355 1958
1050 585
907 384
179 1780
585 414
1829 3
181 290
145 1233
1806 604
1878 61
866 71
337 607
47 1972
924 1997
1705 1080
589 1782
1135 1315
794 1848
238 710
1644 1830
1354 702
521 1596
18 245
101 814
1339 1591
205 970
1928 251
1973 804
14 1175
1993 1065
1832 1872
111 13
1915 1434
1310 708
591 855
468 916
318 1710
1312 1091
11 1727
1782 1493
1485 1629
1367 215
1793 1964
1470 1244
191 1705
1653 767
1683 308
219 85
1096 72
1920 1788
1949 1786
1471 1847
625 1056
1734 896
861 251
1972 388
340 1148
298 1016
775 1240
1815 1777
337 149
1776 92
1002 1895
1016 1185
658 1743
1349 697
1656 1826
1233 1386
1266 1838
583 1870
1218 1236
906 856
1084 519
1817 1025
1342 1519
28 741
182 1584
168 1086
1895 353
136 1844
1499 414
1193 1182
630 213
112 102
687 941
1612 382
1685 564
1270 977
746 1333
597 1115
1948 1655
1072 911
492 1644
767 509
1338 985
1623 188
1503 522
1551 965
422 314
1002 480
1907 1984
236 1648
1551 1704
1444 969
46 920
1250 307
809 134
1284 1421
367 1820
664 1712
639 1168
1106 68
1572 1649
1829 719
234 758
900 176
1025 1998
951 382
1700 523
693 646
1696 1900
1580 1678
727 1558
1028 351
747 499
1410 985
1426 1752
1664 1251
1415 875
359 1864
1971 260
833 242
617 627
1180 998
268 1317
708 522
1836 1106
414 1176
744 151
489 610
