2000 1999 20
1 1622
1622 2
1 1680
1680 3
2 1355
1355 4
2 1624
1624 5
3 1368
1368 6
3 1427
1427 7
4 1978
1978 8
4 1202
1202 9
5 1999
1999 10
5 1957
1957 11
6 1956
1956 12
6 1674
1674 13
7 1478
1478 14
7 15
8 1441
1441 16
8 17
9 1986
1986 18
9 1483
1483 19
10 1594
1594 20
10 1463
1463 21
11 1113
1113 22
11 1466
1466 23
12 1238
1238 24
12 1598
1598 25
13 1823
1823 26
13 1438
1438 27
14 1748
1748 28
14 1789
1789 29
15 1840
1840 30
15 1055
1055 31
16 1903
1903 32
16 1689
1689 33
17 1457
1457 34
17 1657
1657 35
18 1574
1574 36
18 1396
1396 37
19 1036
1036 38
19 1374
1374 39
20 1799
1799 40
20 1807
1807 41
21 1503
1503 42
21 1963
1963 43
22 1779
1779 44
22 1213
1213 45
23 1778
1778 46
23 47
24 1526
1526 48
24 1108
1108 49
25 1395
1395 50
25 1305
1305 51
26 1819
1819 52
26 1817
1817 53
27 1072
1072 54
27 1227
1227 55
28 1093
1093 56
28 1268
1268 57
29 1910
1910 58
29 1976
1976 59
30 1583
1583 60
30 1584
1584 61
31 62
31 1418
1418 63
32 1447
1447 64
32 1062
1062 65
33 1299
1299 66
33 1162
1162 67
34 1317
1317 68
34 69
35 1485
1485 70
35 1189
1189 71
36 1464
1464 72
36 1361
1361 73
37 1028
1028 74
37 1248
1248 75
38 1833
1833 76
38 1973
1973 77
39 1347
1347 78
39 1852
1852 79
40 1994
1994 80
40 81
41 1193
1193 82
41 1280
1280 83
42 1304
1304 84
42 1319
1319 85
43 1245
1245 86
43 1679
1679 87
44 88
44 1883
1883 89
45 1228
1228 90
45 1297
1297 91
46 1967
1967 92
46 1772
1772 93
47 1729
1729 94
47 1630
1630 95
48 96
48 1500
1500 97
49 1443
1443 98
49 1425
1425 99
50 1953
1953 100
50 1665
1665 101
51 1832
1832 102
51 1997
1997 103
52 1515
1515 104
52 1520
1520 105
53 1383
1383 106
53 1699
1699 107
54 1469
1469 108
54 1872
1872 109
55 1950
1950 110
55 111
56 1655
1655 112
56 1650
1650 113
57 1572
1572 114
57 1893
1893 115
58 1727
1727 116
58 1558
1558 117
59 1195
1195 118
59 1835
1835 119
60 1504
1504 120
60 1285
1285 121
61 1841
1841 122
61 1260
1260 123
62 1173
1173 124
62 1365
1365 125
63 1837
1837 126
63 1171
1171 127
64 1947
1947 128
64 1076
1076 129
65 1838
1838 130
65 1628
1628 131
66 1372
1372 132
66 1178
1178 133
67 1473
1473 134
67 1056
1056 135
68 1482
1482 136
68 1043
1043 137
69 1479
1479 138
69 139
70 1176
1176 140
70 1440
1440 141
71 1798
1798 142
71 1646
1646 143
72 1588
1588 144
72 1495
1495 145
73 1532
1532 146
73 1325
1325 147
74 1199
1199 148
74 1170
1170 149
75 1186
1186 150
75 1969
1969 151
76 1783
1783 152
76 1958
1958 153
77 1929
1929 154
77 1222
1222 155
78 1398
1398 156
78 1550
1550 157
79 1676
1676 158
79 1144
1144 159
80 1313
1313 160
80 1611
1611 161
81 1216
1216 162
81 1208
1208 163
82 1830
1830 164
82 1658
1658 165
83 1791
1791 166
83 1631
1631 167
84 1696
1696 168
84 1766
1766 169
85 1130
1130 170
85 1873
1873 171
86 1388
1388 172
86 1555
1555 173
87 1606
1606 174
87 1241
1241 175
88 1276
1276 176
88 1741
1741 177
89 1708
1708 178
89 1519
1519 179
90 1294
1294 180
90 1780
1780 181
91 1955
1955 182
91 1329
1329 183
92 1252
1252 184
92 1920
1920 185
93 1165
1165 186
93 1399
1399 187
94 1371
1371 188
94 1065
1065 189
95 1753
1753 190
95 1901
1901 191
96 1682
1682 192
96 1636
1636 193
97 1786
1786 194
97 1232
1232 195
98 1733
1733 196
98 1653
1653 197
99 1420
1420 198
99 1765
1765 199
100 1954
1954 200
100 1864
1864 201
101 1105
1105 202
101 1912
1912 203
102 1711
1711 204
102 1387
1387 205
103 1218
1218 206
103 1774
1774 207
104 1074
1074 208
104 1148
1148 209
105 1099
1099 210
105 1681
1681 211
106 1283
1283 212
106 1357
1357 213
107 1360
1360 214
107 215
108 1569
1569 216
108 1763
1763 217
109 1233
1233 218
109 1235
1235 219
110 1751
1751 220
110 1271
1271 221
111 1075
1075 222
111 1188
1188 223
112 1129
1129 224
112 1230
1230 225
113 1194
1194 226
113 1616
1616 227
114 1948
1948 228
114 1101
1101 229
115 1040
1040 230
115 1338
1338 231
116 1413
1413 232
116 1095
1095 233
117 1177
1177 234
117 1261
1261 235
118 1867
1867 236
118 1321
1321 237
119 1054
1054 238
119 1111
1111 239
120 1127
1127 240
120 1298
1298 241
121 1154
1154 242
121 1542
1542 243
122 1484
1484 244
122 1059
1059 245
123 1334
1334 246
123 1386
1386 247
124 1182
1182 248
124 1702
1702 249
125 1310
1310 250
125 1906
1906 251
126 1887
1887 252
126 1460
1460 253
127 1974
1974 254
127 1549
1549 255
128 1902
1902 256
128 257
129 1618
1618 258
129 1308
1308 259
130 1975
1975 260
130 1358
1358 261
131 1137
1137 262
131 1437
1437 263
132 1210
1210 264
132 1151
1151 265
133 1536
1536 266
133 1375
1375 267
134 1477
1477 268
134 1175
1175 269
135 1613
1613 270
135 1811
1811 271
136 1450
1450 272
136 1828
1828 273
137 1315
1315 274
137 275
138 1397
1397 276
138 1917
1917 277
139 1980
1980 278
139 1141
1141 279
140 1706
1706 280
140 1640
1640 281
141 1300
1300 282
141 1784
1784 283
142 1939
1939 284
142 1277
1277 285
143 1739
1739 286
143 1824
1824 287
144 288
144 1590
1590 289
145 1834
1834 290
145 1431
1431 291
146 1889
1889 292
146 1302
1302 293
147 1826
1826 294
147 1102
1102 295
148 1869
1869 296
148 1927
1927 297
149 1369
1369 298
149 1581
1581 299
150 1045
1045 300
150 1661
1661 301
151 1122
1122 302
151 1768
1768 303
152 1024
1024 304
152 305
153 1714
1714 306
153 1063
1063 307
154 1207
1207 308
154 1568
1568 309
155 1601
1601 310
155 1609
1609 311
156 312
156 1858
1858 313
157 314
157 1090
1090 315
158 1085
1085 316
158 1540
1540 317
159 1596
1596 318
159 1337
1337 319
160 1859
1859 320
160 1603
1603 321
161 1340
1340 322
161 1717
1717 323
162 1629
1629 324
162 1499
1499 325
163 1465
1465 326
163 1559
1559 327
164 1905
1905 328
164 1262
1262 329
165 1273
1273 330
165 1775
1775 331
166 1971
1971 332
166 1563
1563 333
167 1881
1881 334
167 1560
1560 335
168 1224
1224 336
168 1092
1092 337
169 1625
1625 338
169 1562
1562 339
170 1184
1184 340
170 1693
1693 341
171 1512
1512 342
171 1462
1462 343
172 1116
1116 344
172 1439
1439 345
173 1029
1029 346
173 1632
1632 347
174 1266
1266 348
174 1209
1209 349
175 1754
1754 350
175 1847
1847 351
176 1080
1080 352
176 1145
1145 353
177 1952
1952 354
177 1071
1071 355
178 1033
1033 356
178 357
179 1068
1068 358
179 1100
1100 359
180 1771
1771 360
180 1309
1309 361
181 1253
1253 362
181 1121
1121 363
182 1844
1844 364
182 1995
1995 365
183 1818
1818 366
183 1735
1735 367
184 1097
1097 368
184 1787
1787 369
185 1914
1914 370
185 1664
1664 371
186 1937
1937 372
186 1524
1524 373
187 1597
1597 374
187 1925
1925 375
188 1987
1987 376
188 1089
1089 377
189 1254
1254 378
189 1269
1269 379
190 1705
1705 380
190 1166
1166 381
191 1414
1414 382
191 383
192 1185
1185 384
192 1836
1836 385
193 1703
1703 386
193 1886
1886 387
194 1546
1546 388
194 1197
1197 389
195 1808
1808 390
195 1907
1907 391
196 1691
1691 392
196 1379
1379 393
197 1671
1671 394
197 1341
1341 395
198 1049
1049 396
198 1529
1529 397
199 1275
1275 398
199 1255
1255 399
200 1081
1081 400
200 401
201 1694
1694 402
201 1468
1468 403
202 1961
1961 404
202 1531
1531 405
203 1518
1518 406
203 1935
1935 407
204 1350
1350 408
204 1411
1411 409
205 1507
1507 410
205 1591
1591 411
206 1582
1582 412
206 1648
1648 413
207 1709
1709 414
207 1164
1164 415
208 1547
1547 416
208 1523
1523 417
209 1989
1989 418
209 1149
1149 419
210 1472
1472 420
210 1037
1037 421
211 1492
1492 422
211 1455
1455 423
212 1790
1790 424
212 1732
1732 425
213 1458
1458 426
213 1557
1557 427
214 1257
1257 428
214 1866
1866 429
215 1670
1670 430
215 1381
1381 431
216 1242
1242 432
216 1668
1668 433
217 1660
1660 434
217 1042
1042 435
218 1922
1922 436
218 1743
1743 437
219 1158
1158 438
219 1724
1724 439
220 1231
1231 440
220 1292
1292 441
221 1493
1493 442
221 1744
1744 443
222 1058
1058 444
222 1561
1561 445
223 446
223 1370
1370 447
224 1343
1343 448
224 1356
1356 449
225 1452
1452 450
225 1634
1634 451
226 1874
1874 452
226 1352
1352 453
227 1421
1421 454
227 1644
1644 455
228 1656
1656 456
228 1777
1777 457
229 1402
1402 458
229 2000
2000 459
230 1112
1112 460
230 1091
1091 461
231 1769
1769 462
231 1147
1147 463
232 1044
1044 464
232 1326
1326 465
233 466
233 1064
1064 467
234 1687
1687 468
234 1488
1488 469
235 1180
1180 470
235 1810
1810 471
236 1941
1941 472
236 1862
1862 473
237 1577
1577 474
237 1537
1537 475
238 1553
1553 476
238 1878
1878 477
239 1514
1514 478
239 1797
1797 479
240 1497
1497 480
240 1204
1204 481
241 1349
1349 482
241 1480
1480 483
242 1564
1564 484
242 1669
1669 485
243 1651
1651 486
243 1928
1928 487
244 1627
1627 488
244 1970
1970 489
245 1936
1936 490
245 1225
1225 491
246 1984
1984 492
246 1891
1891 493
247 1408
1408 494
247 1617
1617 495
248 1249
1249 496
248 1430
1430 497
249 1267
1267 498
249 1853
1853 499
250 1412
1412 500
250 1392
1392 501
251 1726
1726 502
251 1038
1038 503
252 1448
1448 504
252 1475
1475 505
253 1422
1422 506
253 1608
1608 507
254 1259
1259 508
254 1114
1114 509
255 1324
1324 510
255 1785
1785 511
256 1685
1685 512
256 1449
1449 513
257 1088
1088 514
257 1400
1400 515
258 1662
1662 516
258 1126
1126 517
259 1757
1757 518
259 1136
1136 519
260 1990
1990 520
260 1511
1511 521
261 1647
1647 522
261 1451
1451 523
262 1822
1822 524
262 1156
1156 525
263 1896
1896 526
263 1476
1476 527
264 1200
1200 528
264 1870
1870 529
265 1123
1123 530
265 1595
1595 531
266 1770
1770 532
266 1481
1481 533
267 1098
1098 534
267 1069
1069 535
268 1303
1303 536
268 537
269 1041
1041 538
269 1030
1030 539
270 1106
1106 540
270 1747
1747 541
271 1454
1454 542
271 1686
1686 543
272 1035
1035 544
272 1496
1496 545
273 1432
1432 546
273 1236
1236 547
274 1654
1654 548
274 1181
1181 549
275 1962
1962 550
275 1683
1683 551
276 1110
1110 552
276 1800
1800 553
277 1183
1183 554
277 1272
1272 555
278 1426
1426 556
278 1196
1196 557
279 558
279 1704
1704 559
280 560
280 1351
1351 561
281 1855
1855 562
281 1621
1621 563
282 1548
1548 564
282 1796
1796 565
283 1219
1219 566
283 1605
1605 567
284 1282
1282 568
284 1109
1109 569
285 1117
1117 570
285 1983
1983 571
286 1773
1773 572
286 1940
1940 573
287 1335
1335 574
287 1695
1695 575
288 1521
1521 576
288 1809
1809 577
289 1667
1667 578
289 1713
1713 579
290 1453
1453 580
290 1525
1525 581
291 1384
1384 582
291 1474
1474 583
292 1938
1938 584
292 1342
1342 585
293 1157
1157 586
293 1888
1888 587
294 1295
1295 588
294 1031
1031 589
295 1909
1909 590
295 1566
1566 591
296 1795
1795 592
296 1854
1854 593
297 1911
1911 594
297 595
298 1801
1801 596
298 1688
1688 597
299 1895
1895 598
299 1163
1163 599
300 1434
1434 600
300 601
301 1720
1720 602
301 1861
1861 603
302 1580
1580 604
302 1863
1863 605
303 1579
1579 606
303 1251
1251 607
304 1918
1918 608
304 1842
1842 609
305 1498
1498 610
305 1921
1921 611
306 1738
1738 612
306 1410
1410 613
307 1533
1533 614
307 1198
1198 615
308 1846
1846 616
308 1487
1487 617
309 1187
1187 618
309 1812
1812 619
310 1079
1079 620
310 1851
1851 621
311 1344
1344 622
311 1649
1649 623
312 1815
1815 624
312 1390
1390 625
313 1284
1284 626
313 1377
1377 627
314 1083
1083 628
314 1333
1333 629
315 1501
1501 630
315 1494
1494 631
316 1897
1897 632
316 633
317 634
317 1600
1600 635
318 1405
1405 636
318 1723
1723 637
319 1965
1965 638
319 1354
1354 639
320 1652
1652 640
320 1502
1502 641
321 1898
1898 642
321 1155
1155 643
322 1820
1820 644
322 1944
1944 645
323 1728
1728 646
323 1856
1856 647
324 1736
1736 648
324 1159
1159 649
325 1538
1538 650
325 1877
1877 651
326 1403
1403 652
326 1221
1221 653
327 1070
1070 654
327 1857
1857 655
328 1508
1508 656
328 1899
1899 657
329 1066
1066 658
329 1138
1138 659
330 1767
1767 660
330 1802
1802 661
331 1264
1264 662
331 1589
1589 663
332 1730
1730 664
332 665
333 1803
1803 666
333 1307
1307 667
334 1345
1345 668
334 1884
1884 669
335 1968
1968 670
335 1794
1794 671
336 1051
1051 672
336 1382
1382 673
337 1554
1554 674
337 1715
1715 675
338 1376
1376 676
338 1663
1663 677
339 1960
1960 678
339 679
340 1215
1215 680
340 1565
1565 681
341 1115
1115 682
341 1509
1509 683
342 1931
1931 684
342 1052
1052 685
343 1293
1293 686
343 1246
1246 687
344 1535
1535 688
344 1327
1327 689
345 690
345 1740
1740 691
346 1223
1223 692
346 1094
1094 693
347 1607
1607 694
347 1118
1118 695
348 1776
1776 696
348 1692
1692 697
349 1759
1759 698
349 1445
1445 699
350 1212
1212 700
350 1205
1205 701
351 1423
1423 702
351 1174
1174 703
352 1073
1073 704
352 1436
1436 705
353 1244
1244 706
353 1981
1981 707
354 1805
1805 708
354 1456
1456 709
355 1364
1364 710
355 1491
1491 711
356 1378
1378 712
356 1367
1367 713
357 1745
1745 714
357 1394
1394 715
358 1567
1567 716
358 1623
1623 717
359 1516
1516 718
359 1505
1505 719
360 1489
1489 720
360 1203
1203 721
361 1678
1678 722
361 1067
1067 723
362 1712
1712 724
362 1446
1446 725
363 1750
1750 726
363 1570
1570 727
364 1959
1959 728
364 1626
1626 729
365 1638
1638 730
365 1839
1839 731
366 1211
1211 732
366 733
367 1575
1575 734
367 1904
1904 735
368 1104
1104 736
368 1586
1586 737
369 1107
1107 738
369 1332
1332 739
370 1323
1323 740
370 1793
1793 741
371 1084
1084 742
371 1871
1871 743
372 1992
1992 744
372 1318
1318 745
373 1916
1916 746
373 1643
1643 747
374 1972
1972 748
374 1201
1201 749
375 1541
1541 750
375 1061
1061 751
376 1128
1128 752
376 1932
1932 753
377 1949
1949 754
377 1240
1240 755
378 1506
1506 756
378 757
379 1843
1843 758
379 1192
1192 759
380 1806
1806 760
380 1602
1602 761
381 1243
1243 762
381 1160
1160 763
382 1641
1641 764
382 1289
1289 765
383 1353
1353 766
383 767
384 1761
1761 768
384 1827
1827 769
385 1470
1470 770
385 1578
1578 771
386 1366
1366 772
386 1716
1716 773
387 1288
1288 774
387 1167
1167 775
388 1169
1169 776
388 1086
1086 777
389 1471
1471 778
389 1146
1146 779
390 1120
1120 780
390 1614
1614 781
391 1517
1517 782
391 1330
1330 783
392 1217
1217 784
392 1698
1698 785
393 1409
1409 786
393 1998
1998 787
394 1930
1930 788
394 789
395 1278
1278 790
395 1510
1510 791
396 1131
1131 792
396 793
397 1046
1046 794
397 1039
1039 795
398 1633
1633 796
398 1281
1281 797
399 1486
1486 798
399 1025
1025 799
400 1461
1461 800
400 1734
1734 801
401 1926
1926 802
401 1237
1237 803
402 1027
1027 804
402 1119
1119 805
403 1134
1134 806
403 1404
1404 807
404 1543
1543 808
404 1047
1047 809
405 1322
1322 810
405 1172
1172 811
406 1424
1424 812
406 1610
1610 813
407 1993
1993 814
407 1290
1290 815
408 1362
1362 816
408 1672
1672 817
409 1143
1143 818
409 1539
1539 819
410 1229
1229 820
410 1250
1250 821
411 1551
1551 822
411 1522
1522 823
412 1346
1346 824
412 1132
1132 825
413 1320
1320 826
413 1256
1256 827
414 1336
1336 828
414 1943
1943 829
415 1942
1942 830
415 1860
1860 831
416 1764
1764 832
416 1048
1048 833
417 1314
1314 834
417 1599
1599 835
418 1103
1103 836
418 1417
1417 837
419 1359
1359 838
419 1287
1287 839
420 840
420 1576
1576 841
421 1556
1556 842
421 1737
1737 843
422 1673
1673 844
422 1894
1894 845
423 1190
1190 846
423 1919
1919 847
424 1152
1152 848
424 1339
1339 849
425 1675
1675 850
425 1034
1034 851
426 1718
1718 852
426 1752
1752 853
427 1416
1416 854
427 1977
1977 855
428 1459
1459 856
428 1077
1077 857
429 1915
1915 858
429 1527
1527 859
430 1296
1296 860
430 1742
1742 861
431 1328
1328 862
431 863
432 1831
1831 864
432 1057
1057 865
433 1892
1892 866
433 1619
1619 867
434 1239
1239 868
434 1544
1544 869
435 1082
1082 870
435 871
436 1191
1191 872
436 1444
1444 873
437 1124
1124 874
437 1348
1348 875
438 1270
1270 876
438 1513
1513 877
439 1758
1758 878
439 879
440 1782
1782 880
440 1592
1592 881
441 1087
1087 882
441 1206
1206 883
442 1642
1642 884
442 1868
1868 885
443 1996
1996 886
443 1150
1150 887
444 1096
1096 888
444 1125
1125 889
445 1865
1865 890
445 1814
1814 891
446 1637
1637 892
446 1585
1585 893
447 1979
1979 894
447 1133
1133 895
448 1179
1179 896
448 1722
1722 897
449 1135
1135 898
449 1312
1312 899
450 1530
1530 900
450 1078
1078 901
451 1247
1247 902
451 1415
1415 903
452 1026
1026 904
452 1263
1263 905
453 1573
1573 906
453 1934
1934 907
454 1419
1419 908
454 1845
1845 909
455 1168
1168 910
455 1829
1829 911
456 1316
1316 912
456 1380
1380 913
457 1924
1924 914
457 1985
1985 915
458 1666
1666 916
458 1534
1534 917
459 1721
1721 918
459 1697
1697 919
460 1701
1701 920
460 1659
1659 921
461 1363
1363 922
461 1552
1552 923
462 1645
1645 924
462 1053
1053 925
463 1880
1880 926
463 1615
1615 927
464 1933
1933 928
464 1433
1433 929
465 1286
1286 930
465 1966
1966 931
466 1060
1060 932
466 1813
1813 933
467 1908
1908 934
467 935
468 1755
1755 936
468 1265
1265 937
469 938
469 1442
1442 939
470 1401
1401 940
470 1885
1885 941
471 1875
1875 942
471 1882
1882 943
472 1946
1946 944
472 1725
1725 945
473 1945
1945 946
473 1429
1429 947
474 1825
1825 948
474 949
475 1848
1848 950
475 1050
1050 951
476 1428
1428 952
476 1604
1604 953
477 1719
1719 954
477 1707
1707 955
478 1731
1731 956
478 1913
1913 957
479 1635
1635 958
479 1306
1306 959
480 1311
1311 960
480 1850
1850 961
481 1545
1545 962
481 1214
1214 963
482 1760
1760 964
482 1816
1816 965
483 1762
1762 966
483 1385
1385 967
484 1406
1406 968
484 1982
1982 969
485 1804
1804 970
485 1032
1032 971
486 1435
1435 972
486 1291
1291 973
487 1279
1279 974
487 1153
1153 975
488 1991
1991 976
488 1690
1690 977
489 1781
1781 978
489 1490
1490 979
490 1756
1756 980
490 1139
1139 981
491 1331
1331 982
491 1274
1274 983
492 1821
1821 984
492 985
493 1879
1879 986
493 1220
1220 987
494 1258
1258 988
494 1467
1467 989
495 1587
1587 990
495 1710
1710 991
496 1140
1140 992
496 1639
1639 993
497 1792
1792 994
497 1700
1700 995
498 1389
1389 996
498 1951
1951 997
499 1226
1226 998
499 1234
1234 999
500 1391
1391 1000
500 1301
1301 1001
501 1677
1677 1002
501 1849
1849 1003
502 1393
1393 1004
502 1746
1746 1005
503 1988
1988 1006
503 1612
1612 1007
504 1620
1620 1008
504 1876
1876 1009
505 1923
1923 1010
505 1593
1593 1011
506 1407
1407 1012
506 1964
1964 1013
507 1373
1373 1014
507 1788
1788 1015
508 1890
1890 1016
508 1161
1161 1017
509 1142
1142 1018
509 1684
1684 1019
510 1571
1571 1020
510 1528
1528 1021
511 1749
1749 1022
511 1900
1900 1023
