2000 1999 20
1 1215
1215 2
1 1516
1516 3
2 1976
1976 4
2 1709
1709 5
3 1923
1923 6
3 1657
1657 7
4 1141
1141 8
4 1540
1540 9
5 1644
1644 10
5 1447
1447 11
6 1158
1158 12
6 1996
1996 13
7 1397
1397 14
7 1575
1575 15
8 1051
1051 16
8 1200
1200 17
9 1868
1868 18
9 1325
1325 19
10 1809
1809 20
10 1620
1620 21
11 1148
1148 22
11 1469
1469 23
12 1043
1043 24
12 1963
1963 25
13 1149
1149 26
13 1044
1044 27
14 1889
1889 28
14 1948
1948 29
15 1867
1867 30
15 1277
1277 31
16 1463
1463 32
16 1960
1960 33
17 1478
1478 34
17 1866
1866 35
18 1929
1929 36
18 1400
1400 37
19 1659
1659 38
19 1627
1627 39
20 1805
1805 40
20 1426
1426 41
21 1221
1221 42
21 1404
1404 43
22 1178
1178 44
22 1888
1888 45
23 1096
1096 46
23 1037
1037 47
24 1563
1563 48
24 1684
1684 49
25 1413
1413 50
25 1170
1170 51
26 1076
1076 52
26 1905
1905 53
27 1260
1260 54
27 1267
1267 55
28 1667
1667 56
28 1090
1090 57
29 1547
1547 58
29 1226
1226 59
30 1666
1666 60
30 1343
1343 61
31 1623
1623 62
31 1059
1059 63
32 1070
1070 64
32 1642
1642 65
33 1549
1549 66
33 1439
1439 67
34 1122
1122 68
34 1378
1378 69
35 70
35 1578
1578 71
36 1491
1491 72
36 1596
1596 73
37 1512
1512 74
37 1355
1355 75
38 1435
1435 76
38 1701
1701 77
39 1352
1352 78
39 1875
1875 79
40 1115
1115 80
40 1288
1288 81
41 82
41 1631
1631 83
42 1786
1786 84
42 1980
1980 85
43 1876
1876 86
43 1820
1820 87
44 1763
1763 88
44 1135
1135 89
45 1745
1745 90
45 1968
1968 91
46 1097
1097 92
46 1242
1242 93
47 1465
1465 94
47 1228
1228 95
48 1797
1797 96
48 1210
1210 97
49 1735
1735 98
49 1130
1130 99
50 1783
1783 100
50 1863
1863 101
51 1961
1961 102
51 103
52 1282
1282 104
52 1341
1341 105
53 1177
1177 106
53 1470
1470 107
54 108
54 1756
1756 109
55 1741
1741 110
55 1676
1676 111
56 1286
1286 112
56 1408
1408 113
57 1758
1758 114
57 1840
1840 115
58 1804
1804 116
58 1499
1499 117
59 1654
1654 118
59 1205
1205 119
60 1278
1278 120
60 1619
1619 121
61 1142
1142 122
61 1698
1698 123
62 1551
1551 124
62 1630
1630 125
63 1808
1808 126
63 1680
1680 127
64 1845
1845 128
64 129
65 1755
1755 130
65 1167
1167 131
66 1544
1544 132
66 1031
1031 133
67 1852
1852 134
67 135
68 1784
1784 136
68 1600
1600 137
69 1862
1862 138
69 1275
1275 139
70 1826
1826 140
70 1584
1584 141
71 1301
1301 142
71 143
72 1800
1800 144
72 1894
1894 145
73 1991
1991 146
73 1273
1273 147
74 1685
1685 148
74 1859
1859 149
75 1416
1416 150
75 1473
1473 151
76 1873
1873 152
76 153
77 1518
1518 154
77 1429
1429 155
78 1331
1331 156
78 1850
1850 157
79 1607
1607 158
79 1844
1844 159
80 1633
1633 160
80 1394
1394 161
81 1560
1560 162
81 1839
1839 163
82 1900
1900 164
82 1746
1746 165
83 1342
1342 166
83 1529
1529 167
84 1660
1660 168
84 169
85 1502
1502 170
85 171
86 1248
1248 172
86 1740
1740 173
87 1152
1152 174
87 1038
1038 175
88 1696
1696 176
88 1686
1686 177
89 1585
1585 178
89 1108
1108 179
90 1931
1931 180
90 1106
1106 181
91 1580
1580 182
91 1487
1487 183
92 1692
1692 184
92 1434
1434 185
93 1194
1194 186
93 1807
1807 187
94 1354
1354 188
94 1050
1050 189
95 1366
1366 190
95 1047
1047 191
96 1359
1359 192
96 193
97 1382
1382 194
97 1748
1748 195
98 1153
1153 196
98 1815
1815 197
99 1675
1675 198
99 1639
1639 199
100 1964
1964 200
100 1116
1116 201
101 1061
1061 202
101 1455
1455 203
102 1484
1484 204
102 205
103 1326
1326 206
103 1074
1074 207
104 1521
1521 208
104 1710
1710 209
105 1315
1315 210
105 1791
1791 211
106 1795
1795 212
106 1253
1253 213
107 1721
1721 214
107 1418
1418 215
108 1956
1956 216
108 217
109 1459
1459 218
109 1064
1064 219
110 1239
1239 220
110 1987
1987 221
111 1128
1128 222
111 1324
1324 223
112 1091
1091 224
112 1902
1902 225
113 1129
1129 226
113 1300
1300 227
114 1333
1333 228
114 1274
1274 229
115 1569
1569 230
115 1541
1541 231
116 1879
1879 232
116 1865
1865 233
117 1789
1789 234
117 1110
1110 235
118 1870
1870 236
118 1618
1618 237
119 1778
1778 238
119 1944
1944 239
120 1650
1650 240
120 1193
1193 241
121 1984
1984 242
121 1937
1937 243
122 1775
1775 244
122 1861
1861 245
123 1602
1602 246
123 1306
1306 247
124 1796
1796 248
124 1357
1357 249
125 1689
1689 250
125 1183
1183 251
126 1483
1483 252
126 1079
1079 253
127 1910
1910 254
127 1497
1497 255
128 1302
1302 256
128 1617
1617 257
129 1509
1509 258
129 1965
1965 259
130 1034
1034 260
130 1340
1340 261
131 1693
1693 262
131 1412
1412 263
132 1094
1094 264
132 1389
1389 265
133 1601
1601 266
133 1271
1271 267
134 1238
1238 268
134 1362
1362 269
135 1638
1638 270
135 1086
1086 271
136 1935
1935 272
136 1605
1605 273
137 1718
1718 274
137 1926
1926 275
138 1629
1629 276
138 1781
1781 277
139 1118
1118 278
139 1348
1348 279
140 1164
1164 280
140 1872
1872 281
141 1747
1747 282
141 1770
1770 283
142 1524
1524 284
142 1322
1322 285
143 1293
1293 286
143 1890
1890 287
144 1081
1081 288
144 1683
1683 289
145 1368
1368 290
145 1562
1562 291
146 1525
1525 292
146 1887
1887 293
147 1908
1908 294
147 1336
1336 295
148 296
148 1101
1101 297
149 1501
1501 298
149 1520
1520 299
150 1634
1634 300
150 1171
1171 301
151 1661
1661 302
151 1327
1327 303
152 1880
1880 304
152 1456
1456 305
153 1998
1998 306
153 1364
1364 307
154 1224
1224 308
154 1989
1989 309
155 1401
1401 310
155 1750
1750 311
156 1496
1496 312
156 1335
1335 313
157 1510
1510 314
157 1953
1953 315
158 316
158 1024
1024 317
159 1773
1773 318
159 1067
1067 319
160 1895
1895 320
160 1597
1597 321
161 1057
1057 322
161 1978
1978 323
162 1464
1464 324
162 1318
1318 325
163 1257
1257 326
163 1981
1981 327
164 1765
1765 328
164 1330
1330 329
165 1831
1831 330
165 1480
1480 331
166 1567
1567 332
166 1507
1507 333
167 1830
1830 334
167 1356
1356 335
168 1391
1391 336
168 1920
1920 337
169 1065
1065 338
169 1932
1932 339
170 1725
1725 340
170 1311
1311 341
171 1824
1824 342
171 1075
1075 343
172 1069
1069 344
172 1078
1078 345
173 1422
1422 346
173 1033
1033 347
174 1936
1936 348
174 1592
1592 349
175 1121
1121 350
175 1305
1305 351
176 1703
1703 352
176 1611
1611 353
177 1742
1742 354
177 1557
1557 355
178 1214
1214 356
178 1726
1726 357
179 1679
1679 358
179 1433
1433 359
180 1437
1437 360
180 1723
1723 361
181 362
181 1812
1812 363
182 1338
1338 364
182 1263
1263 365
183 1485
1485 366
183 1414
1414 367
184 1387
1387 368
184 1454
1454 369
185 1614
1614 370
185 1247
1247 371
186 1897
1897 372
186 1829
1829 373
187 1155
1155 374
187 1851
1851 375
188 1328
1328 376
188 1424
1424 377
189 1492
1492 378
189 379
190 1028
1028 380
190 1971
1971 381
191 1344
1344 382
191 1846
1846 383
192 1291
1291 384
192 1828
1828 385
193 1559
1559 386
193 1185
1185 387
194 1436
1436 388
194 1261
1261 389
195 1083
1083 390
195 1270
1270 391
196 1202
1202 392
196 1156
1156 393
197 1188
1188 394
197 1314
1314 395
198 1280
1280 396
198 1372
1372 397
199 1864
1864 398
199 1345
1345 399
200 400
200 1080
1080 401
201 402
201 1645
1645 403
202 1821
1821 404
202 1241
1241 405
203 1514
1514 406
203 1332
1332 407
204 1440
1440 408
204 1610
1610 409
205 1161
1161 410
205 1390
1390 411
206 1169
1169 412
206 1589
1589 413
207 1704
1704 414
207 1552
1552 415
208 1204
1204 416
208 1131
1131 417
209 1749
1749 418
209 1636
1636 419
210 420
210 1143
1143 421
211 1395
1395 422
211 1574
1574 423
212 1490
1490 424
212 1265
1265 425
213 1088
1088 426
213 1526
1526 427
214 1651
1651 428
214 1157
1157 429
215 1979
1979 430
215 1732
1732 431
216 1046
1046 432
216 1199
1199 433
217 1715
1715 434
217 1105
1105 435
218 1162
1162 436
218 1752
1752 437
219 1421
1421 438
219 1774
1774 439
220 1719
1719 440
220 1843
1843 441
221 1818
1818 442
221 1822
1822 443
222 1303
1303 444
222 445
223 1855
1855 446
223 1977
1977 447
224 1175
1175 448
224 1411
1411 449
225 1535
1535 450
225 1816
1816 451
226 1766
1766 452
226 1276
1276 453
227 1451
1451 454
227 1191
1191 455
228 1943
1943 456
228 1658
1658 457
229 1032
1032 458
229 1837
1837 459
230 1423
1423 460
230 1706
1706 461
231 1988
1988 462
231 1255
1255 463
232 1374
1374 464
232 1259
1259 465
233 1296
1296 466
233 2000
2000 467
234 1522
1522 468
234 1258
1258 469
235 1848
1848 470
235 1095
1095 471
236 1376
1376 472
236 1782
1782 473
237 474
237 1728
1728 475
238 1606
1606 476
238 1093
1093 477
239 1208
1208 478
239 1656
1656 479
240 1903
1903 480
240 1860
1860 481
241 1572
1572 482
241 1566
1566 483
242 1603
1603 484
242 1699
1699 485
243 486
243 1370
1370 487
244 1833
1833 488
244 1174
1174 489
245 1225
1225 490
245 1351
1351 491
246 1180
1180 492
246 1472
1472 493
247 1409
1409 494
247 1287
1287 495
248 1760
1760 496
248 497
249 1467
1467 498
249 1901
1901 499
250 1985
1985 500
250 1838
1838 501
251 1138
1138 502
251 1785
1785 503
252 1609
1609 504
252 1358
1358 505
253 1753
1753 506
253 1165
1165 507
254 1495
1495 508
254 1788
1788 509
255 1615
1615 510
255 1986
1986 511
256 1309
1309 512
256 513
257 1999
1999 514
257 1104
1104 515
258 1874
1874 516
258 1919
1919 517
259 1041
1041 518
259 1039
1039 519
260 1548
1548 520
260 1213
1213 521
261 1733
1733 522
261 1886
1886 523
262 1737
1737 524
262 1126
1126 525
263 1113
1113 526
263 1427
1427 527
264 1724
1724 528
264 1371
1371 529
265 1587
1587 530
265 1503
1503 531
266 532
266 1184
1184 533
267 1543
1543 534
267 1438
1438 535
268 1123
1123 536
268 1806
1806 537
269 1196
1196 538
269 1197
1197 539
270 1853
1853 540
270 1973
1973 541
271 542
271 1227
1227 543
272 1462
1462 544
272 1893
1893 545
273 1329
1329 546
273 1396
1396 547
274 548
274 1608
1608 549
275 1793
1793 550
275 1405
1405 551
276 1036
1036 552
276 1056
1056 553
277 1738
1738 554
277 1250
1250 555
278 1172
1172 556
278 1254
1254 557
279 1252
1252 558
279 1801
1801 559
280 1392
1392 560
280 1053
1053 561
281 1994
1994 562
281 1475
1475 563
282 1223
1223 564
282 1042
1042 565
283 1966
1966 566
283 1564
1564 567
284 1381
1381 568
284 1885
1885 569
285 1588
1588 570
285 1892
1892 571
286 1187
1187 572
286 1527
1527 573
287 1144
1144 574
287 1393
1393 575
288 1430
1430 576
288 1974
1974 577
289 1063
1063 578
289 1292
1292 579
290 1669
1669 580
290 581
291 1350
1350 582
291 1764
1764 583
292 1942
1942 584
292 1346
1346 585
293 1268
1268 586
293 1951
1951 587
294 1555
1555 588
294 1813
1813 589
295 1339
1339 590
295 1924
1924 591
296 1613
1613 592
296 1190
1190 593
297 1652
1652 594
297 1823
1823 595
298 1730
1730 596
298 1663
1663 597
299 1858
1858 598
299 1573
1573 599
300 1471
1471 600
300 1243
1243 601
301 1139
1139 602
301 1849
1849 603
302 1448
1448 604
302 1219
1219 605
303 1297
1297 606
303 1921
1921 607
304 1217
1217 608
304 1384
1384 609
305 1049
1049 610
305 1604
1604 611
306 1825
1825 612
306 1251
1251 613
307 1498
1498 614
307 1513
1513 615
308 1136
1136 616
308 1688
1688 617
309 1256
1256 618
309 1662
1662 619
310 620
310 1246
1246 621
311 1111
1111 622
311 1468
1468 623
312 1476
1476 624
312 1298
1298 625
313 1594
1594 626
313 1969
1969 627
314 1055
1055 628
314 1441
1441 629
315 1799
1799 630
315 1313
1313 631
316 1321
1321 632
316 1308
1308 633
317 1087
1087 634
317 1700
1700 635
318 1590
1590 636
318 1581
1581 637
319 1216
1216 638
319 1621
1621 639
320 1771
1771 640
320 1934
1934 641
321 1211
1211 642
321 643
322 1134
1134 644
322 1150
1150 645
323 1186
1186 646
323 1790
1790 647
324 1810
1810 648
324 1209
1209 649
325 1939
1939 650
325 651
326 1453
1453 652
326 1173
1173 653
327 1207
1207 654
327 1792
1792 655
328 656
328 1112
1112 657
329 1975
1975 658
329 1898
1898 659
330 1591
1591 660
330 661
331 1530
1530 662
331 1146
1146 663
332 1347
1347 664
332 1565
1565 665
333 1534
1534 666
333 1085
1085 667
334 1691
1691 668
334 1279
1279 669
335 1285
1285 670
335 1290
1290 671
336 1832
1832 672
336 1479
1479 673
337 1494
1494 674
337 1160
1160 675
338 1029
1029 676
338 1622
1622 677
339 1690
1690 678
339 1082
1082 679
340 1428
1428 680
340 1906
1906 681
341 1168
1168 682
341 1528
1528 683
342 1532
1532 684
342 685
343 1127
1127 686
343 1026
1026 687
344 1702
1702 688
344 1117
1117 689
345 1460
1460 690
345 1181
1181 691
346 692
346 1970
1970 693
347 1912
1912 694
347 1711
1711 695
348 1052
1052 696
348 1962
1962 697
349 1092
1092 698
349 699
350 1568
1568 700
350 1398
1398 701
351 1151
1151 702
351 1940
1940 703
352 1959
1959 704
352 1553
1553 705
353 1677
1677 706
353 1137
1137 707
354 1707
1707 708
354 1794
1794 709
355 1349
1349 710
355 1582
1582 711
356 1030
1030 712
356 1672
1672 713
357 1058
1058 714
357 1506
1506 715
358 1819
1819 716
358 1399
1399 717
359 1576
1576 718
359 1218
1218 719
360 1035
1035 720
360 1235
1235 721
361 1734
1734 722
361 1776
1776 723
362 1232
1232 724
362 1643
1643 725
363 1751
1751 726
363 1319
1319 727
364 1780
1780 728
364 1731
1731 729
365 1504
1504 730
365 1720
1720 731
366 1363
1363 732
366 1957
1957 733
367 1432
1432 734
367 1519
1519 735
368 1550
1550 736
368 1281
1281 737
369 1304
1304 738
369 1386
1386 739
370 1678
1678 740
370 1847
1847 741
371 1779
1779 742
371 1458
1458 743
372 744
372 1098
1098 745
373 1337
1337 746
373 1941
1941 747
374 1163
1163 748
374 1066
1066 749
375 1159
1159 750
375 1289
1289 751
376 1147
1147 752
376 1674
1674 753
377 1373
1373 754
377 1538
1538 755
378 1466
1466 756
378 1883
1883 757
379 758
379 1360
1360 759
380 1102
1102 760
380 1182
1182 761
381 1493
1493 762
381 1612
1612 763
382 1925
1925 764
382 1626
1626 765
383 1481
1481 766
383 1353
1353 767
384 1100
1100 768
384 1222
1222 769
385 1922
1922 770
385 1882
1882 771
386 1558
1558 772
386 1417
1417 773
387 1896
1896 774
387 1762
1762 775
388 1857
1857 776
388 1616
1616 777
389 1511
1511 778
389 1571
1571 779
390 1045
1045 780
390 1655
1655 781
391 1316
1316 782
391 1367
1367 783
392 1768
1768 784
392 1195
1195 785
393 1431
1431 786
393 1533
1533 787
394 1420
1420 788
394 1854
1854 789
395 1595
1595 790
395 1990
1990 791
396 1264
1264 792
396 1561
1561 793
397 1025
1025 794
397 1419
1419 795
398 1269
1269 796
398 1539
1539 797
399 1649
1649 798
399 1027
1027 799
400 1653
1653 800
400 1084
1084 801
401 1579
1579 802
401 1114
1114 803
402 1632
1632 804
402 1842
1842 805
403 1772
1772 806
403 1449
1449 807
404 1945
1945 808
404 809
405 1958
1958 810
405 1230
1230 811
406 1954
1954 812
406 1369
1369 813
407 1145
1145 814
407 1869
1869 815
408 1542
1542 816
408 1798
1798 817
409 1415
1415 818
409 1682
1682 819
410 1827
1827 820
410 1743
1743 821
411 1229
1229 822
411 1295
1295 823
412 1379
1379 824
412 1930
1930 825
413 1694
1694 826
413 1871
1871 827
414 1811
1811 828
414 1406
1406 829
415 1383
1383 830
415 1881
1881 831
416 1841
1841 832
416 1508
1508 833
417 1537
1537 834
417 1681
1681 835
418 1967
1967 836
418 1474
1474 837
419 838
419 1119
1119 839
420 1918
1918 840
420 1637
1637 841
421 1803
1803 842
421 1299
1299 843
422 1598
1598 844
422 1323
1323 845
423 1577
1577 846
423 1072
1072 847
424 1982
1982 848
424 1913
1913 849
425 1916
1916 850
425 1769
1769 851
426 1380
1380 852
426 1767
1767 853
427 1761
1761 854
427 1955
1955 855
428 1836
1836 856
428 1103
1103 857
429 1664
1664 858
429 1107
1107 859
430 1317
1317 860
430 1907
1907 861
431 1714
1714 862
431 1500
1500 863
432 1073
1073 864
432 1154
1154 865
433 1176
1176 866
433 1523
1523 867
434 1212
1212 868
434 1891
1891 869
435 1048
1048 870
435 1531
1531 871
436 1670
1670 872
436 1249
1249 873
437 1284
1284 874
437 1089
1089 875
438 1310
1310 876
438 1133
1133 877
439 1361
1361 878
439 1648
1648 879
440 1312
1312 880
440 1425
1425 881
441 1125
1125 882
441 1586
1586 883
442 1234
1234 884
442 1198
1198 885
443 1461
1461 886
443 1646
1646 887
444 1266
1266 888
444 1729
1729 889
445 1536
1536 890
445 1722
1722 891
446 1928
1928 892
446 1814
1814 893
447 1244
1244 894
447 895
448 1545
1545 896
448 1884
1884 897
449 1132
1132 898
449 1835
1835 899
450 1802
1802 900
450 901
451 1708
1708 902
451 1911
1911 903
452 1739
1739 904
452 1949
1949 905
453 1233
1233 906
453 1917
1917 907
454 1556
1556 908
454 1904
1904 909
455 1099
1099 910
455 1294
1294 911
456 1375
1375 912
456 1972
1972 913
457 1554
1554 914
457 1334
1334 915
458 1237
1237 916
458 1570
1570 917
459 1625
1625 918
459 1834
1834 919
460 1077
1077 920
460 1402
1402 921
461 1744
1744 922
461 1899
1899 923
462 1236
1236 924
462 1997
1997 925
463 1947
1947 926
463 1192
1192 927
464 1307
1307 928
464 1444
1444 929
465 1407
1407 930
465 1517
1517 931
466 1712
1712 932
466 1377
1377 933
467 1320
1320 934
467 1505
1505 935
468 1201
1201 936
468 1877
1877 937
469 1628
1628 938
469 1262
1262 939
470 1697
1697 940
470 1695
1695 941
471 1231
1231 942
471 943
472 1757
1757 944
472 1599
1599 945
473 1727
1727 946
473 1240
1240 947
474 1995
1995 948
474 1909
1909 949
475 1927
1927 950
475 1445
1445 951
476 1489
1489 952
476 1109
1109 953
477 1446
1446 954
477 1189
1189 955
478 1665
1665 956
478 1203
1203 957
479 1062
1062 958
479 1179
1179 959
480 1068
1068 960
480 1716
1716 961
481 1914
1914 962
481 1992
1992 963
482 1272
1272 964
482 1477
1477 965
483 1443
1443 966
483 1071
1071 967
484 1140
1140 968
484 1450
1450 969
485 1410
1410 970
485 1060
1060 971
486 1385
1385 972
486 1283
1283 973
487 1705
1705 974
487 1515
1515 975
488 1640
1640 976
488 1933
1933 977
489 1673
1673 978
489 1754
1754 979
490 1593
1593 980
490 1671
1671 981
491 1040
1040 982
491 1220
1220 983
492 1856
1856 984
492 1647
1647 985
493 1120
1120 986
493 1245
1245 987
494 1635
1635 988
494 1054
1054 989
495 1442
1442 990
495 1817
1817 991
496 1759
1759 992
496 1365
1365 993
497 1717
1717 994
497 1388
1388 995
498 1488
1488 996
498 1403
1403 997
499 1777
1777 998
499 1641
1641 999
500 1457
1457 1000
500 1668
1668 1001
501 1946
1946 1002
501 1878
1878 1003
502 1950
1950 1004
502 1938
1938 1005
503 1006
503 1787
1787 1007
504 1124
1124 1008
504 1452
1452 1009
505 1983
1983 1010
505 1624
1624 1011
506 1583
1583 1012
506 1952
1952 1013
507 1486
1486 1014
507 1915
1915 1015
508 1993
1993 1016
508 1206
1206 1017
509 1546
1546 1018
509 1713
1713 1019
510 1736
1736 1020
510 1482
1482 1021
511 1687
1687 1022
511 1166
1166 1023
