2000 1999 20
1 1623
1623 2
1 1026
1026 3
2 1770
1770 4
2 1331
1331 5
3 1089
1089 6
3 1895
1895 7
4 1672
1672 8
4 1743
1743 9
5 1413
1413 10
5 1224
1224 11
6 1324
1324 12
6 13
7 1800
1800 14
7 1636
1636 15
8 1134
1134 16
8 1307
1307 17
9 1301
1301 18
9 1298
1298 19
10 1537
1537 20
10 1785
1785 21
11 1416
1416 22
11 1375
1375 23
12 1432
1432 24
12 1669
1669 25
13 1700
1700 26
13 1865
1865 27
14 1042
1042 28
14 1765
1765 29
15 1635
1635 30
15 1784
1784 31
16 1627
1627 32
16 1058
1058 33
17 1640
1640 34
17 1080
1080 35
18 1867
1867 36
18 1833
1833 37
19 1188
1188 38
19 1574
1574 39
20 1265
1265 40
20 1942
1942 41
21 1929
1929 42
21 1231
1231 43
22 1434
1434 44
22 1652
1652 45
23 1726
1726 46
23 1266
1266 47
24 1425
1425 48
24 2000
2000 49
25 1319
1319 50
25 1888
1888 51
26 1866
1866 52
26 1345
1345 53
27 1812
1812 54
27 1111
1111 55
28 1328
1328 56
28 1507
1507 57
29 1618
1618 58
29 1671
1671 59
30 1941
1941 60
30 1718
1718 61
31 62
31 1146
1146 63
32 1064
1064 64
32 1699
1699 65
33 1754
1754 66
33 1978
1978 67
34 1466
1466 68
34 1526
1526 69
35 1085
1085 70
35 1475
1475 71
36 1984
1984 72
36 1225
1225 73
37 1199
1199 74
37 1624
1624 75
38 1561
1561 76
38 1887
1887 77
39 1794
1794 78
39 1552
1552 79
40 1200
1200 80
40 1314
1314 81
41 1655
1655 82
41 1512
1512 83
42 1708
1708 84
42 1304
1304 85
43 1386
1386 86
43 1217
1217 87
44 1450
1450 88
44 1593
1593 89
45 1337
1337 90
45 1987
1987 91
46 1239
1239 92
46 1050
1050 93
47 1235
1235 94
47 1070
1070 95
48 1893
1893 96
48 1471
1471 97
49 1203
1203 98
49 1422
1422 99
50 1953
1953 100
50 1320
1320 101
51 1260
1260 102
51 1095
1095 103
52 1835
1835 104
52 1249
1249 105
53 1963
1963 106
53 1277
1277 107
54 1350
1350 108
54 1626
1626 109
55 1109
1109 110
55 1969
1969 111
56 1834
1834 112
56 1318
1318 113
57 1839
1839 114
57 1988
1988 115
58 1470
1470 116
58 1514
1514 117
59 1379
1379 118
59 1591
1591 119
60 1934
1934 120
60 1275
1275 121
61 1105
1105 122
61 1755
1755 123
62 1435
1435 124
62 1492
1492 125
63 1473
1473 126
63 1673
1673 127
64 1721
1721 128
64 1303
1303 129
65 1157
1157 130
65 131
66 1860
1860 132
66 1973
1973 133
67 134
67 1972
1972 135
68 1207
1207 136
68 1748
1748 137
69 1480
1480 138
69 1531
1531 139
70 1052
1052 140
70 1758
1758 141
71 1970
1970 142
71 1090
1090 143
72 144
72 1234
1234 145
73 1430
1430 146
73 1176
1176 147
74 1710
1710 148
74 1238
1238 149
75 1610
1610 150
75 1915
1915 151
76 1724
1724 152
76 1516
1516 153
77 1788
1788 154
77 1827
1827 155
78 1614
1614 156
78 1135
1135 157
79 1344
1344 158
79 1110
1110 159
80 1132
1132 160
80 1208
1208 161
81 1881
1881 162
81 1567
1567 163
82 1536
1536 164
82 1937
1937 165
83 1131
1131 166
83 1255
1255 167
84 1441
1441 168
84 1998
1998 169
85 1750
1750 170
85 1581
1581 171
86 1343
1343 172
86 1791
1791 173
87 1805
1805 174
87 1991
1991 175
88 1837
1837 176
88 177
89 1889
1889 178
89 1030
1030 179
90 1164
1164 180
90 1999
1999 181
91 1278
1278 182
91 1702
1702 183
92 1862
1862 184
92 1184
1184 185
93 1927
1927 186
93 1107
1107 187
94 1272
1272 188
94 1192
1192 189
95 1215
1215 190
95 1914
1914 191
96 1933
1933 192
96 193
97 1268
1268 194
97 1940
1940 195
98 1065
1065 196
98 1048
1048 197
99 1464
1464 198
99 1688
1688 199
100 1609
1609 200
100 1387
1387 201
101 1654
1654 202
101 1121
1121 203
102 1072
1072 204
102 1044
1044 205
103 1578
1578 206
103 1114
1114 207
104 1177
1177 208
104 1646
1646 209
105 1587
1587 210
105 1426
1426 211
106 1429
1429 212
106 1457
1457 213
107 1340
1340 214
107 1971
1971 215
108 1571
1571 216
108 1262
1262 217
109 1141
1141 218
109 1959
1959 219
110 1892
1892 220
110 1550
1550 221
111 1691
1691 222
111 1418
1418 223
112 1826
1826 224
112 1598
1598 225
113 1035
1035 226
113 1490
1490 227
114 1103
1103 228
114 1799
1799 229
115 1630
1630 230
115 1689
1689 231
116 1138
1138 232
116 1152
1152 233
117 1723
1723 234
117 1508
1508 235
118 1705
1705 236
118 1767
1767 237
119 1850
1850 238
119 1920
1920 239
120 1811
1811 240
120 1913
1913 241
121 1668
1668 242
121 1094
1094 243
122 1028
1028 244
122 1038
1038 245
123 1930
1930 246
123 1910
1910 247
124 248
124 1172
1172 249
125 1533
1533 250
125 1120
1120 251
126 1202
1202 252
126 1431
1431 253
127 254
127 1740
1740 255
128 256
128 1663
1663 257
129 1620
1620 258
129 1458
1458 259
130 260
130 1129
1129 261
131 1995
1995 262
131 1906
1906 263
132 1509
1509 264
132 1040
1040 265
133 1306
1306 266
133 1738
1738 267
134 1722
1722 268
134 1101
1101 269
135 1329
1329 270
135 1098
1098 271
136 1427
1427 272
136 1083
1083 273
137 1880
1880 274
137 1354
1354 275
138 1284
1284 276
138 1323
1323 277
139 1871
1871 278
139 1118
1118 279
140 1943
1943 280
140 281
141 1137
1137 282
141 1438
1438 283
142 1287
1287 284
142 1313
1313 285
143 1544
1544 286
143 1467
1467 287
144 288
144 1858
1858 289
145 1831
1831 290
145 1033
1033 291
146 1720
1720 292
146 1082
1082 293
147 1150
1150 294
147 1510
1510 295
148 1572
1572 296
148 1608
1608 297
149 1590
1590 298
149 1451
1451 299
150 1633
1633 300
150 1330
1330 301
151 1825
1825 302
151 1861
1861 303
152 1487
1487 304
152 1084
1084 305
153 1212
1212 306
153 1715
1715 307
154 1965
1965 308
154 1053
1053 309
155 1891
1891 310
155 1503
1503 311
156 1460
1460 312
156 1766
1766 313
157 1923
1923 314
157 1814
1814 315
158 1683
1683 316
158 1499
1499 317
159 1501
1501 318
159 1205
1205 319
160 1346
1346 320
160 1326
1326 321
161 322
161 1294
1294 323
162 1271
1271 324
162 325
163 1282
1282 326
163 1348
1348 327
164 1378
1378 328
164 1377
1377 329
165 1868
1868 330
165 1589
1589 331
166 1616
1616 332
166 1642
1642 333
167 1563
1563 334
167 1396
1396 335
168 1362
1362 336
168 1096
1096 337
169 1690
1690 338
169 1798
1798 339
170 1977
1977 340
170 1496
1496 341
171 1803
1803 342
171 343
172 1288
1288 344
172 1170
1170 345
173 346
173 1216
1216 347
174 1482
1482 348
174 1317
1317 349
175 1744
1744 350
175 1790
1790 351
176 1286
1286 352
176 1247
1247 353
177 1071
1071 354
177 355
178 1874
1874 356
178 1024
1024 357
179 1530
1530 358
179 1415
1415 359
180 1763
1763 360
180 1796
1796 361
181 1454
1454 362
181 1801
1801 363
182 1876
1876 364
182 1896
1896 365
183 1222
1222 366
183 1160
1160 367
184 1061
1061 368
184 1958
1958 369
185 1045
1045 370
185 1730
1730 371
186 1647
1647 372
186 1505
1505 373
187 1745
1745 374
187 1817
1817 375
188 1269
1269 376
188 1399
1399 377
189 1228
1228 378
189 379
190 380
190 1675
1675 381
191 1087
1087 382
191 1622
1622 383
192 1611
1611 384
192 1309
1309 385
193 1543
1543 386
193 1777
1777 387
194 1520
1520 388
194 1997
1997 389
195 1679
1679 390
195 1246
1246 391
196 1093
1093 392
196 393
197 1575
1575 394
197 1771
1771 395
198 1986
1986 396
198 1181
1181 397
199 1139
1139 398
199 1477
1477 399
200 1890
1890 400
200 1151
1151 401
201 1549
1549 402
201 1462
1462 403
202 1100
1100 404
202 1068
1068 405
203 1583
1583 406
203 1211
1211 407
204 1511
1511 408
204 1905
1905 409
205 1428
1428 410
205 1588
1588 411
206 1165
1165 412
206 1810
1810 413
207 1237
1237 414
207 1204
1204 415
208 1448
1448 416
208 1046
1046 417
209 1417
1417 418
209 1728
1728 419
210 1950
1950 420
210 1436
1436 421
211 1302
1302 422
211 1762
1762 423
212 1628
1628 424
212 1815
1815 425
213 1196
1196 426
213 1517
1517 427
214 1528
1528 428
214 1041
1041 429
215 1733
1733 430
215 1974
1974 431
216 1824
1824 432
216 1900
1900 433
217 1158
1158 434
217 1759
1759 435
218 1545
1545 436
218 1990
1990 437
219 1774
1774 438
219 1822
1822 439
220 1491
1491 440
220 1402
1402 441
221 1780
1780 442
221 1782
1782 443
222 1356
1356 444
222 1341
1341 445
223 1437
1437 446
223 1657
1657 447
224 1201
1201 448
224 1476
1476 449
225 1976
1976 450
225 1573
1573 451
226 1816
1816 452
226 1469
1469 453
227 1674
1674 454
227 1843
1843 455
228 1604
1604 456
228 1195
1195 457
229 1696
1696 458
229 1411
1411 459
230 1193
1193 460
230 1813
1813 461
231 1606
1606 462
231 1697
1697 463
232 1384
1384 464
232 1213
1213 465
233 1968
1968 466
233 1056
1056 467
234 1605
1605 468
234 1102
1102 469
235 1175
1175 470
235 1773
1773 471
236 1742
1742 472
236 1582
1582 473
237 1392
1392 474
237 1479
1479 475
238 1592
1592 476
238 1607
1607 477
239 1952
1952 478
239 1919
1919 479
240 1367
1367 480
240 1173
1173 481
241 1994
1994 482
241 1112
1112 483
242 1327
1327 484
242 1315
1315 485
243 1099
1099 486
243 1779
1779 487
244 1443
1443 488
244 1474
1474 489
245 1639
1639 490
245 1664
1664 491
246 1081
1081 492
246 1179
1179 493
247 1844
1844 494
247 1680
1680 495
248 1357
1357 496
248 1062
1062 497
249 1364
1364 498
249 1169
1169 499
250 1186
1186 500
250 501
251 1938
1938 502
251 1660
1660 503
252 1513
1513 504
252 1922
1922 505
253 1468
1468 506
253 1541
1541 507
254 1333
1333 508
254 1532
1532 509
255 1769
1769 510
255 1383
1383 511
256 1852
1852 512
256 1540
1540 513
257 1126
1126 514
257 1886
1886 515
258 1793
1793 516
258 1638
1638 517
259 1577
1577 518
259 1404
1404 519
260 1439
1439 520
260 1481
1481 521
261 1515
1515 522
261 1553
1553 523
262 1106
1106 524
262 1787
1787 525
263 1649
1649 526
263 1760
1760 527
264 1104
1104 528
264 1300
1300 529
265 1632
1632 530
265 1034
1034 531
266 1280
1280 532
266 1336
1336 533
267 1658
1658 534
267 1853
1853 535
268 1059
1059 536
268 1619
1619 537
269 1057
1057 538
269 1538
1538 539
270 540
270 1391
1391 541
271 1504
1504 542
271 1955
1955 543
272 1077
1077 544
272 1565
1565 545
273 1806
1806 546
273 1493
1493 547
274 1904
1904 548
274 549
275 1495
1495 550
275 1872
1872 551
276 1807
1807 552
276 1433
1433 553
277 1351
1351 554
277 1586
1586 555
278 556
278 1289
1289 557
279 1808
1808 558
279 1485
1485 559
280 1382
1382 560
280 561
281 1405
1405 562
281 1296
1296 563
282 1352
1352 564
282 1292
1292 565
283 1316
1316 566
283 1180
1180 567
284 1746
1746 568
284 1539
1539 569
285 1792
1792 570
285 1551
1551 571
286 1644
1644 572
286 1909
1909 573
287 1753
1753 574
287 1253
1253 575
288 1472
1472 576
288 1781
1781 577
289 1123
1123 578
289 1113
1113 579
290 1381
1381 580
290 1662
1662 581
291 1595
1595 582
291 1558
1558 583
292 1230
1230 584
292 1390
1390 585
293 1153
1153 586
293 1789
1789 587
294 1521
1521 588
294 1349
1349 589
295 1079
1079 590
295 1653
1653 591
296 1483
1483 592
296 1494
1494 593
297 1768
1768 594
297 1945
1945 595
298 1928
1928 596
298 597
299 1086
1086 598
299 1198
1198 599
300 1060
1060 600
300 1569
1569 601
301 1665
1665 602
301 1191
1191 603
302 1772
1772 604
302 1925
1925 605
303 1523
1523 606
303 1410
1410 607
304 1783
1783 608
304 1143
1143 609
305 1398
1398 610
305 1130
1130 611
306 1419
1419 612
306 1542
1542 613
307 1602
1602 614
307 1502
1502 615
308 1597
1597 616
308 1961
1961 617
309 1828
1828 618
309 1932
1932 619
310 1389
1389 620
310 1612
1612 621
311 1347
1347 622
311 1400
1400 623
312 624
312 1935
1935 625
313 1498
1498 626
313 1444
1444 627
314 1074
1074 628
314 1187
1187 629
315 1556
1556 630
315 1122
1122 631
316 1562
1562 632
316 1897
1897 633
317 1981
1981 634
317 1676
1676 635
318 1332
1332 636
318 637
319 1248
1248 638
319 1535
1535 639
320 1576
1576 640
320 1695
1695 641
321 1939
1939 642
321 1297
1297 643
322 1518
1518 644
322 1962
1962 645
323 1263
1263 646
323 1162
1162 647
324 648
324 1584
1584 649
325 1848
1848 650
325 1818
1818 651
326 1564
1564 652
326 1821
1821 653
327 1519
1519 654
327 1727
1727 655
328 1651
1651 656
328 1116
1116 657
329 1182
1182 658
329 1775
1775 659
330 1947
1947 660
330 1259
1259 661
331 1091
1091 662
331 1358
1358 663
332 1312
1312 664
332 1446
1446 665
333 1903
1903 666
333 1136
1136 667
334 1924
1924 668
334 1579
1579 669
335 1957
1957 670
335 1075
1075 671
336 1424
1424 672
336 1641
1641 673
337 1735
1735 674
337 1142
1142 675
338 1338
1338 676
338 1128
1128 677
339 1197
1197 678
339 1385
1385 679
340 1625
1625 680
340 1190
1190 681
341 1983
1983 682
341 1039
1039 683
342 1694
1694 684
342 1847
1847 685
343 1820
1820 686
343 1713
1713 687
344 1778
1778 688
344 1484
1484 689
345 1613
1613 690
345 1645
1645 691
346 1270
1270 692
346 1951
1951 693
347 1643
1643 694
347 1757
1757 695
348 1407
1407 696
348 1412
1412 697
349 1729
1729 698
349 1522
1522 699
350 1857
1857 700
350 1580
1580 701
351 1845
1845 702
351 1917
1917 703
352 1878
1878 704
352 1243
1243 705
353 1752
1752 706
353 1029
1029 707
354 1486
1486 708
354 1741
1741 709
355 1666
1666 710
355 1629
1629 711
356 1734
1734 712
356 1359
1359 713
357 1290
1290 714
357 1374
1374 715
358 1459
1459 716
358 717
359 718
359 1921
1921 719
360 1189
1189 720
360 1229
1229 721
361 1709
1709 722
361 1274
1274 723
362 1856
1856 724
362 1155
1155 725
363 1372
1372 726
363 1264
1264 727
364 1717
1717 728
364 1506
1506 729
365 1373
1373 730
365 1823
1823 731
366 1712
1712 732
366 1851
1851 733
367 1115
1115 734
367 1732
1732 735
368 1363
1363 736
368 1802
1802 737
369 1279
1279 738
369 1073
1073 739
370 1055
1055 740
370 1809
1809 741
371 1167
1167 742
371 1449
1449 743
372 1989
1989 744
372 1566
1566 745
373 1236
1236 746
373 1097
1097 747
374 1681
1681 748
374 1025
1025 749
375 1421
1421 750
375 1637
1637 751
376 1568
1568 752
376 1409
1409 753
377 1145
1145 754
377 1339
1339 755
378 1069
1069 756
378 757
379 1902
1902 758
379 1648
1648 759
380 760
380 1525
1525 761
381 1594
1594 762
381 1369
1369 763
382 1414
1414 764
382 1285
1285 765
383 1725
1725 766
383 1707
1707 767
384 1954
1954 768
384 1497
1497 769
385 1401
1401 770
385 1557
1557 771
386 1276
1276 772
386 1376
1376 773
387 1601
1601 774
387 1257
1257 775
388 1967
1967 776
388 1554
1554 777
389 1944
1944 778
389 1736
1736 779
390 1869
1869 780
390 1898
1898 781
391 1992
1992 782
391 783
392 1063
1063 784
392 1027
1027 785
393 1066
1066 786
393 1524
1524 787
394 1119
1119 788
394 1088
1088 789
395 1832
1832 790
395 1907
1907 791
396 1325
1325 792
396 1440
1440 793
397 794
397 1819
1819 795
398 1067
1067 796
398 1703
1703 797
399 1252
1252 798
399 1395
1395 799
400 1786
1786 800
400 1918
1918 801
401 1311
1311 802
401 803
402 1761
1761 804
402 1244
1244 805
403 1678
1678 806
403 1634
1634 807
404 1836
1836 808
404 1240
1240 809
405 1233
1233 810
405 1982
1982 811
406 1559
1559 812
406 1371
1371 813
407 1256
1256 814
407 1846
1846 815
408 816
408 1054
1054 817
409 1797
1797 818
409 1353
1353 819
410 1092
1092 820
410 1148
1148 821
411 1174
1174 822
411 1879
1879 823
412 1051
1051 824
412 1366
1366 825
413 1043
1043 826
413 1455
1455 827
414 1685
1685 828
414 1117
1117 829
415 1975
1975 830
415 1670
1670 831
416 1600
1600 832
416 1245
1245 833
417 1795
1795 834
417 1829
1829 835
418 1854
1854 836
418 1830
1830 837
419 1949
1949 838
419 1393
1393 839
420 1704
1704 840
420 1365
1365 841
421 1870
1870 842
421 1031
1031 843
422 1241
1241 844
422 1166
1166 845
423 1621
1621 846
423 1756
1756 847
424 1840
1840 848
424 1956
1956 849
425 1996
1996 850
425 1394
1394 851
426 1747
1747 852
426 1214
1214 853
427 1308
1308 854
427 1273
1273 855
428 1901
1901 856
428 1686
1686 857
429 1420
1420 858
429 1873
1873 859
430 1960
1960 860
430 1125
1125 861
431 1380
1380 862
431 1980
1980 863
432 1841
1841 864
432 1147
1147 865
433 1682
1682 866
433 867
434 1926
1926 868
434 1227
1227 869
435 1899
1899 870
435 1221
1221 871
436 1706
1706 872
436 1322
1322 873
437 874
437 1408
1408 875
438 1219
1219 876
438 1159
1159 877
439 1534
1534 878
439 1185
1185 879
440 1361
1361 880
440 1739
1739 881
441 1465
1465 882
441 1334
1334 883
442 1677
1677 884
442 1842
1842 885
443 1911
1911 886
443 1220
1220 887
444 1701
1701 888
444 1206
1206 889
445 1461
1461 890
445 1124
1124 891
446 1171
1171 892
446 1650
1650 893
447 1163
1163 894
447 1283
1283 895
448 1144
1144 896
448 1711
1711 897
449 1698
1698 898
449 1261
1261 899
450 1776
1776 900
450 1321
1321 901
451 1305
1305 902
451 903
452 1209
1209 904
452 1299
1299 905
453 1964
1964 906
453 1360
1360 907
454 1049
1049 908
454 1488
1488 909
455 1251
1251 910
455 1885
1885 911
456 1226
1226 912
456 1076
1076 913
457 1529
1529 914
457 1223
1223 915
458 1948
1948 916
458 1368
1368 917
459 918
459 1764
1764 919
460 1406
1406 920
460 1603
1603 921
461 922
461 1894
1894 923
462 1667
1667 924
462 1684
1684 925
463 1478
1478 926
463 1447
1447 927
464 1500
1500 928
464 1370
1370 929
465 1218
1218 930
465 1687
1687 931
466 1388
1388 932
466 1596
1596 933
467 1335
1335 934
467 1570
1570 935
468 1194
1194 936
468 1560
1560 937
469 1133
1133 938
469 1310
1310 939
470 1281
1281 940
470 1946
1946 941
471 1293
1293 942
471 1527
1527 943
472 1804
1804 944
472 1882
1882 945
473 1599
1599 946
473 1258
1258 947
474 1985
1985 948
474 1267
1267 949
475 1546
1546 950
475 1979
1979 951
476 1875
1875 952
476 1859
1859 953
477 1295
1295 954
477 1442
1442 955
478 1183
1183 956
478 1168
1168 957
479 1232
1232 958
479 1912
1912 959
480 1156
1156 960
480 1656
1656 961
481 1149
1149 962
481 1877
1877 963
482 1751
1751 964
482 1254
1254 965
483 1548
1548 966
483 1032
1032 967
484 1931
1931 968
484 1883
1883 969
485 1993
1993 970
485 1250
1250 971
486 1037
1037 972
486 1714
1714 973
487 1661
1661 974
487 1966
1966 975
488 1863
1863 976
488 1908
1908 977
489 1716
1716 978
489 1463
1463 979
490 1693
1693 980
490 1178
1178 981
491 1242
1242 982
491 1719
1719 983
492 1659
1659 984
492 985
493 1936
1936 986
493 1403
1403 987
494 1692
1692 988
494 1838
1838 989
495 1731
1731 990
495 1140
1140 991
496 1210
1210 992
496 1489
1489 993
497 1864
1864 994
497 1884
1884 995
498 1555
1555 996
498 1154
1154 997
499 1423
1423 998
499 1127
1127 999
500 1617
1617 1000
500 1615
1615 1001
501 1342
1342 1002
501 1456
1456 1003
502 1397
1397 1004
502 1036
1036 1005
503 1355
1355 1006
503 1445
1445 1007
504 1453
1453 1008
504 1749
1749 1009
505 1078
1078 1010
505 1916
1916 1011
506 1047
1047 1012
506 1161
1161 1013
507 1014
507 1855
1855 1015
508 1291
1291 1016
508 1452
1452 1017
509 1737
1737 1018
509 1585
1585 1019
510 1547
1547 1020
510 1108
1108 1021
511 1631
1631 1022
511 1849
1849 1023
