2000
399988649 599843018 349700474
558491911 183645922 653386227
367429168 677151854 849757303
225949020 282084877 769035302
472319244 117331769 351445972
554562693 5251975 604812287
529741964 780961823 65026829
315868258 700397433 906600393
127914754 687146329 673972767
792863897 423704844 53333015
868160581 300388323 787627791
854518802 662764528 763586877
160727857 295461119 533914467
226807930 794440151 157765331
40042788 391032242 93218214
202599875 668529657 832741175
403906434 259996228 579189990
979176864 276736656 853348106
169897264 112595906 208978999
911121164 979618396 570955441
45595674 341918077 227599919
912426434 631643166 56551379
818907310 892168843 256372841
176758724 999876127 157391072
237861216 538061635 983734533
980320470 328010664 467584134
14666791 487522499 976863269
849273858 980070537 260252475
684300285 38851691 550340464
173110547 338225300 261812920
585933409 444131169 632475536
430125597 662446369 255311226
528936150 21019662 644828086
824816882 923345546 771849793
764039267 637343646 310092562
501295275 575531439 494204307
507622675 780041090 416387166
729017127 260781937 15862073
155446133 174872814 407440210
790290053 93323833 449216446
740335131 10251357 755360303
720720043 90536816 206841845
880576797 956848395 300980535
900560065 700887302 30843506
958708629 734829688 172377649
413195445 439356654 922787085
996108066 729302505 144302567
888872118 170762910 557054053
435757927 318984681 792096682
171351739 394115217 932829529
709836171 789748162 843825867
417411579 707486150 133817486
220221881 399838470 729918497
707641461 993920833 454161390
674028704 359247115 100106632
547866215 595639687 14599205
904033010 95125608 261906781
70372825 70435365 107664420
294170854 865777787 930177541
560220689 197280040 141081248
967389112 864775909 524989286
334585118 140541603 955308435
546260263 991817994 77729899
45452625 145509422 560131512
278367476 465750931 137354370
321897661 572352100 865054736
29203559 121939950 514585887
12783292 199692386 429969761
394963403 143256523 932787000
504088426 45942093 775907251
611978223 925626527 893009097
994522410 270378442 911628756
546794917 565374755 460052560
676759583 397391238 594667732
133606213 727874259 572553808
98052530 139645614 427318152
846257705 182062962 450333904
22449680 857862005 743776264
296116272 797011074 237805786
586023851 42811795 846623539
963081533 897389774 287326207
75507895 866095043 137213480
559140023 744554979 10544592
539835564 552579906 475874252
926872329 543118736 924345188
975215048 708106581 324572745
103964962 537974124 774612695
651494540 577391297 863506571
383246324 432714830 781281991
851947325 354193235 908079556
777985527 507557844 941467095
662691170 8355160 18007783
388775077 774951391 537351725
598401866 665111331 115947566
808936445 143387155 392972022
639739782 930570380 600297110
994887683 841173338 421465056
334283369 912915566 330750816
546068028 721270112 263237277
390630285 994390054 955752336
940342580 699831830 147120740
82688847 620063001 631068015
611950074 774052145 654579057
986597967 74005037 770652683
413340576 715603881 939653250
296094451 859421004 271859892
52821182 132707645 850734170
621328099 607756518 791696511
955462382 224886252 716234048
349965453 501454702 18384324
312962127 598868348 421985918
201224352 370200794 624457634
2852612 838824693 722191333
669952403 558788133 990636408
644872885 685870117 908191046
799940894 24761551 305946732
512250379 721452827 489620472
648606141 661805658 848825062
407967286 765082030 296833623
222819890 732177356 342670355
650050152 766564085 574707009
405986561 153734962 424810340
263408473 420161742 525753753
831717876 284269849 708257295
849199811 557297498 23944134
908205463 353345556 671996555
596026085 140797565 626394419
375945916 931095100 965839382
885084162 521318241 730102734
240834550 557550761 659203121
985776098 403553778 319392139
96174879 65389308 348042272
104579918 676380257 99372001
500880084 789047510 31706220
357152662 57310883 399899977
831355381 663437152 118109283
240779276 17479665 999420612
905434920 36826819 496183189
53212040 73226824 152496980
556158550 106058672 558896471
68572644 855121896 237617536
30887466 927746775 791176770
588088191 516654295 650196691
554270103 781614193 227619250
70191293 240401501 34305372
4410705 520452537 411113289
434735491 27612808 252046637
192105808 146330221 483784812
435716797 831098791 724897245
885977171 401355343 319709123
264677850 665628113 959905800
765705561 359216296 308493499
591620684 151227997 172713164
328523047 802100161 171971334
888576267 112281962 700111180
792389575 514250859 57981463
523275281 866111830 737314351
762568197 285017462 583269545
673576926 703846985 868714272
768021747 593785660 253088823
263586547 20201897 597211214
550738276 63968021 139789954
749916505 695465893 145922027
854473074 519609570 36283665
469038617 808077998 684991406
151251962 917152389 96161962
922068163 933103351 37277779
871477788 558987620 185870044
435826921 792323066 895917336
736554175 634802668 248515959
560416675 388084724 248784704
65964553 239550730 957442576
616055563 502100325 843428242
328304361 237739442 116708224
185856449 217620115 553857497
618573454 8502874 164931939
732862566 637167878 200457828
903541231 690942078 112887196
235477794 689774860 16594821
515160900 724736539 101307853
874932513 246022452 960611091
417180553 403127094 258707169
909824528 800982485 704474090
144730624 73659733 333191813
308860834 325295238 383840104
357369774 178966274 43133608
875520271 409005990 968682736
599293659 49732430 109010689
10840209 626611668 74075498
39320724 593005385 704192647
744113384 927043445 315673278
168999979 494681485 213093112
782812885 690725939 862514526
846396083 350891442 999091797
425045152 105764474 925003195
369087622 301864921 830071906
514274709 693594363 221212621
764020417 702007332 636601897
710906753 79164459 411760270
694788805 228422714 619199862
432363063 234739139 139434365
147314102 648896197 32688730
989458191 18304576 749985309
545841661 837209334 145431722
783467107 80424035 608873845
239231176 704132093 326914431
861501715 133667504 117604752
617335175 977963668 390886070
870576640 10034928 477640445
729047407 269345395 630907503
633688467 384556977 685738574
209347833 442100699 263111312
580106549 98031042 482349466
856329569 329724686 404440641
183098582 550434746 715368957
509783081 301080019 957136751
892553321 45104497 931676438
439616662 617405684 457409100
3886436 352229763 369639046
106921776 934045122 686563531
851031106 629732562 232507765
590219588 378212238 514185255
837433346 582829570 15529486
931815012 972113199 277786715
45157800 120681213 821916928
443508707 522272896 175858601
96653753 631530095 718360829
111906395 637500897 617850901
993578946 846945610 603486268
146323241 883304884 356752617
532175312 365265985 978225657
390439918 746322912 587106865
966700534 325573454 134116339
955368974 786791760 190757438
934456780 984619822 865274859
509773363 145411442 3579685
991055853 700901601 745238313
261449161 596473786 745770559
103756150 860861741 972825080
661167232 94141214 891618217
742631308 872986139 982562087
466702287 525146010 637585347
819752660 522498678 62066568
722407022 667970476 594219699
757924602 515453777 684104051
775672794 208309207 958947809
106468398 422710144 584733762
343134675 10767906 208658811
720422048 579662620 943447508
326147551 165578135 343129584
173640713 767008001 705404940
955676870 803470279 351911799
632742691 803973201 269143633
472652821 857443907 81400199
616817966 253672433 153773326
145716638 974143522 478912607
597354860 217237001 967464754
732342516 781683584 906823806
316337827 79043974 392139695
797436145 302816507 217078313
218828448 396428185 734498045
954369331 730528565 675758826
491737008 788521271 122456726
883779480 622880855 318050061
567921190 716238490 572236409
901482440 999319947 117850403
620790746 774724285 299781802
917541033 779472511 261869953
893992359 45966049 337849518
83571690 26513127 884605888
285514474 764894220 946485521
986803067 558793722 621749821
779460872 951044743 885005538
773078289 570125298 92767640
230219494 261762397 885205811
589451685 73587598 260228663
284684401 12274145 991447196
789356276 596459921 75165635
390255126 797098279 624674999
232609022 21383233 87207
904313929 621719432 578354083
291424137 391346923 32099734
420185856 183162912 533723523
372073885 936096605 519007492
95700278 459808849 129127935
387844359 952836969 151990441
662887531 830902592 810243520
216316889 414402150 248008963
551185440 280617301 339207157
902178790 285785776 492178643
829080926 881064381 759839699
599184969 274899237 123110558
546781230 101727722 124440591
992181981 123290280 252433452
717477153 78946575 520524388
976457668 742635936 407996426
919660231 643336614 441100561
153969890 643206008 552556297
56895801 73753324 655933529
750055777 484277790 555876286
495686546 693189730 759733252
277154604 393500038 843284994
64485744 368055628 360747227
158282359 551362342 279948914
391226485 800355380 3234350
623762740 112065914 394171375
385467338 928861797 884035919
121287837 235057024 218282781
433183640 867783026 594862358
925644974 872064571 722962917
610563727 213970607 745956189
583850922 320231986 286010613
756237154 909830837 602476675
906936723 100582128 761085756
836215879 344639713 530665708
389701557 129188996 799342449
712830074 950239443 971694205
683535898 327027968 260938124
74633656 683293168 299931682
517679893 293694971 294358601
28682182 716499682 713344842
791703225 879561745 934393002
92496362 630178582 294387047
210595425 161369184 675961204
535082094 624344123 114627953
322688552 320953355 315978415
922073123 394474952 730106210
842048112 230257593 75219240
740578777 758247540 92572090
464176989 531917077 230084080
222513642 604191677 332881658
935518297 47070285 362612188
356041134 261613412 180177707
519801744 468409750 536344837
697429254 867587821 699480406
850637683 339848356 55496776
327806420 433442594 177136395
25956407 378586676 330441414
914213246 531063182 296790492
193438549 118522244 357156707
462654577 690704388 856992993
875675402 273258455 704582728
680925594 21003288 825731636
644406742 132758004 319331939
260729837 488431267 844693620
797709823 647387558 20319972
934874080 893950786 95481413
469898509 19392316 171125440
532422894 108659669 499301324
293219150 933468936 48711727
965814551 330151426 8522294
490014546 897609441 947589680
376384605 294722737 634634543
896108397 706075555 119077378
510630471 951378319 65169517
900047162 131678380 935606954
786158431 689300622 512907045
325145876 817508191 366877298
61646518 998293345 34185618
546049437 619656867 319420519
313693020 276574979 495777907
288184121 597775459 355884504
585279467 225723695 919619212
104211346 829767950 422643163
383660027 20243942 673730594
85545748 22548246 351513290
651881901 993408751 638854274
992036977 869000307 159200704
901208867 76821328 35759481
818443292 610575391 731592734
431641604 22922456 491106010
965912015 118040473 69243658
656211706 367143319 841606653
580503559 233986660 871038701
135251765 705857378 719136572
608914308 329968007 180961011
508607464 486013778 646318967
247765196 111667469 186553484
64709578 553646404 582307215
411429799 203875717 523065583
69566100 989755224 699222509
287716515 894061441 952964244
817630855 652225908 752103930
188006544 461775128 42975416
768871909 59688128 697294758
309836802 782335334 357037787
509186677 86655274 236547811
266111188 643374601 930312770
846678273 705225441 425768233
487215009 268059813 3733879
340082394 750053340 225132787
984752459 153929311 804373447
344098640 18180946 690799934
366425719 960159587 749885121
985081149 338703169 878919439
194455821 437402207 915064763
146406521 237428202 824490219
142570938 795640840 929062223
511941989 11921234 971206239
433988463 437971090 714131672
12109923 413022912 738006392
583559393 906280762 816608759
907406682 572689475 34747465
401473033 147077566 551818259
550370101 110114859 174766186
229410724 999948770 333106642
652348258 19845773 720163957
202429619 28934379 284882595
941281109 279100098 878722954
285895162 488903973 486235702
844286468 85950695 403892939
749343106 873453407 300266496
393945451 479467357 330006750
399567385 415458411 743403194
469904904 516765255 948369263
817106639 984376480 110701536
318023774 248162065 741049517
731654776 451533658 885073204
714129523 969501157 537401547
735496495 132117624 393441851
923261780 832159542 682122623
346678736 805486555 347378621
467800207 847029559 263898500
830535547 876405483 147472712
178335157 328566627 625700890
250184469 743658003 809737387
496466400 343549429 290159235
208590536 446078018 240263548
800779049 469245295 559389573
399731072 503001706 495637653
513173550 288947733 372738284
564023407 332413699 186886545
761510804 233346417 442683144
20071048 794421127 692852818
159772033 177412047 253222953
723718661 578528245 453525116
361870112 903118784 229333544
54268387 941337168 81686777
8383007 854066586 768602080
907322723 346333216 339917684
870627890 231634164 956961454
740105097 389419502 865779168
888756368 893838891 296584183
443518110 337398474 85624305
329148275 506062306 27869856
945230768 949587398 562021536
537821081 698931836 466117270
112523791 774653818 785912746
773718471 543072162 787867206
168795856 838951808 747650831
287379523 544220610 388044836
632243787 778270711 297532565
671046744 850721675 346364966
860583327 657045250 312545092
20872149 373148020 869176647
362558507 275915849 429693674
397798540 230673204 470263559
223580436 271091829 930998678
790644180 867875658 170445031
958615236 120318645 885933343
402996233 812872821 493711344
780397672 578412094 530560668
123244553 378359610 994343979
212222319 128433093 510924267
801731255 6629219 256312873
689381135 428478725 829129517
751739002 567040892 163144314
713398722 434393661 406887494
44131004 162743894 79954743
223260867 689669552 779168352
502607214 738607239 765258107
181850515 612996390 343146855
453277313 538188262 934583523
627879801 117261672 319463820
805804908 164101905 351130900
422057211 520219078 949565124
81860267 709975784 931013940
26811752 544608146 951729224
246790460 749910033 139813741
672927312 577754532 970454549
767309858 149505652 358093423
502008584 871042006 532397675
662040548 126678207 696718061
733988392 168389767 143876944
254492173 261493730 587881757
896308495 955712539 872514572
818056363 834117778 769715771
796523356 332169335 998778028
482946515 810767047 63913988
708395125 218630279 957216642
897081625 842486592 385823293
520545026 257454522 231330978
418023706 249189116 21381676
386544752 727033218 144145252
255719156 497968320 578435611
808608369 536317655 33953766
22667210 173080214 478081242
577659000 408292275 497198217
546717251 909825866 788689212
786278207 607042710 857438066
410652682 518843885 120555927
849371715 738903553 23331336
974712141 168660309 723694919
62683461 763486716 462819962
607986240 944915353 300255786
479339465 538608019 807202104
519874714 152165783 542082082
644840089 878671954 411330680
191250709 82997359 92955288
461800769 333431759 914501553
190998768 824417031 207757814
268090258 956087071 96294176
114886510 750390152 824655658
271697185 398391389 146548552
20998998 597556957 694156072
734303943 374433832 947108972
402346611 175022137 684827238
664563232 261656356 81939989
730294035 591213200 385895519
878550286 755156342 928104080
888657291 828501019 589869331
97120054 687241802 262389871
710834607 372043222 686270596
204822400 507597647 932665350
316362844 154846979 69530169
611125658 997090360 573521133
48766704 62154919 938414780
35778419 366930491 507419011
981930702 212118794 498600221
362112194 367869843 899064422
764182237 34234169 837969519
723041406 118411007 250280446
699668744 134741125 945257289
599293541 63555395 318071794
40013246 610757124 618461508
955400824 191828644 492476591
148254577 442813965 543270529
396523643 445828719 96112870
20893209 894256062 65015586
391157624 178870384 95847180
404543664 819699320 756723917
22375227 651784829 518524122
157525173 750556511 718076463
995190229 654634987 577383629
819891115 529748700 420463733
951858971 572057365 570949029
267666073 409953821 415051475
126076966 726772955 47471592
321262986 529758866 112335359
747781842 556957214 985288543
471449868 630603632 924270517
101525826 493466951 691800213
905973172 731681071 523460147
747980632 680303551 30970461
475789718 474723086 843060156
441601600 198594934 681105739
605471183 339588236 50163735
162895844 363066974 287460151
204878845 193957615 832120334
853481079 299044847 207810240
268416452 904494783 968014577
106031596 748556964 559688389
695755337 838797129 411855379
227745662 860965754 442510315
821975480 787805726 246364747
834333480 70406518 514403356
477992639 998520468 635048306
679831852 418335005 919679492
750284307 153440066 88771049
793318798 280269307 679180948
766440936 154920326 105552914
322345880 165765151 967921794
909916539 602580225 540982228
452316502 460519836 277747653
147175562 675546903 399649305
463016729 449697288 207262491
260178649 563596402 381179986
956544246 131666942 383204228
157178285 977788029 461733360
539062854 503528606 876932038
666346322 604929259 491657194
472641830 847646473 106696682
561473174 980488496 625761340
702216182 291655656 862147771
923463758 332604933 377533284
594468572 56032484 19231564
480221390 638121703 339698661
762517824 172824621 726240881
554865011 327516566 240974789
242113360 999575030 224810563
819601948 826933656 991317009
168918395 459951605 427240862
60116138 911609781 609880150
48820216 395401445 375295396
72458373 35748218 390089768
930244670 856544262 581346106
482832408 619932344 565386398
7457420 245915801 628263047
721852498 360116997 481237969
230485856 391199591 614462587
652177957 46891832 755449954
814321922 823454265 632090692
308080649 239706351 522274547
219220217 636621151 863520472
201458040 402398219 657543083
450423698 222508332 829986416
754135665 137072688 641573301
887206238 33547126 315131401
291708151 664031304 13390527
612299442 114534169 128449252
529357970 329324543 72468093
231553831 267207538 709457413
68950475 806145350 414324262
379449114 968353766 736300982
331163057 638013906 237559283
118176043 968480602 989703938
21033305 313836700 851893413
58034624 659541947 731003708
732434263 69633888 126621950
502886529 35350902 780271480
574639945 110421537 152287045
280810972 857412350 422078991
989009739 76589729 79037637
889226881 117124684 579564573
254424449 512787436 955519308
849308388 770911320 485191428
246187410 130862028 881041582
162408640 850228387 301899753
561851434 952870995 829386306
519117456 424712878 510664500
474051701 629071191 65303650
661917462 2889602 391694866
498920361 497036783 842525677
722490583 432899880 468792820
380642938 688985594 146364870
561167258 655931440 293989904
857844390 434822550 191172692
374493167 241830701 871271645
298557033 952326315 127483649
845298340 319683125 958312857
453252615 587591775 742798782
234890831 769902180 349757893
406042439 749046945 221771900
566604489 601776983 734328997
492680437 914189729 276884146
794848431 946141875 844134082
588695645 122058068 692019420
150857441 44320158 762951018
159599829 635223283 182170104
296742917 922057282 550438445
457872178 355139195 233974537
822254084 881752911 8793184
541192015 307674668 83187862
159737225 198530936 656933532
668827531 768078860 771385898
865849223 215807219 693046333
15767625 688807779 686326739
34962098 881117948 234779366
56764785 741136959 922815909
87229187 457136976 696025081
595216876 149709039 632451895
411078454 79691188 570730529
725177642 58253194 11067683
997529677 327952750 314303691
889526429 857005928 358335624
931842316 984805576 373772198
781491005 330828965 762695305
276354941 52508818 148071976
214769412 659601827 599386061
308879981 384533407 221498123
364505202 777945734 45557759
486784747 989598277 806515658
800997896 444657336 145378637
586542541 401687520 690483751
233933774 212608101 157998571
834416940 816575566 11490726
368663248 57326078 895473552
353951717 92986225 635613968
524885146 36450232 525358838
195388697 242730162 753477619
867816130 969077516 60669276
998383020 102118011 991584799
878632029 435595319 111062533
894919623 211410362 888555817
653511558 721057209 424289208
514004056 229550947 538261994
147165916 708440536 934473792
82712719 725126124 73364991
690816259 792703516 961503211
18975072 293884624 380299592
504963616 137589459 851041038
334956294 923843599 251415915
333170527 159776908 666954621
754162813 704972203 213676880
644682351 742138270 609045013
336758021 599397163 537006244
447818499 121111969 282654260
267464611 218962201 815767897
118179409 509994737 971006269
857735329 603312261 337830690
383981716 398188080 956796439
780422923 997287042 801335033
590850187 845307842 420335277
368173619 521871782 698392732
712700666 406049105 419475822
645594412 89827213 184117257
298619430 632402761 866510028
931150928 933506133 18385160
8972635 581088347 761544383
990217916 330725409 463707807
150723176 760578301 41988672
436156369 351153303 660017309
222899488 309810406 622082257
299624115 398780004 4103954
525937881 692946067 370433522
360857036 737693365 746236883
181114862 531641543 401002155
810273863 286035134 864829433
530679103 139666437 936003335
232832407 218202933 835994465
868333997 966402070 311580052
30630128 696193494 274817579
504348064 446637448 552925927
981274315 524991711 764167741
918809220 700631850 474337044
193635428 902917779 304478911
805621830 674460051 738978616
75061565 351068344 898455454
454158553 88185499 637318897
610171547 682070555 361572108
494378933 268280542 531725282
679339782 73729545 467095293
933311829 196079934 710040371
532539851 977387990 237685417
435106998 365219936 440026381
259238012 352228953 202911246
970643677 466210859 579527199
630254188 858795371 640498541
484671567 590897999 967814429
83419702 982301037 186583242
952348824 845909690 620047422
328737077 206060225 958334831
92338119 739545890 458714812
534693130 742219086 896456552
967196655 933333120 625056342
878070043 836582910 196785414
337039526 686005649 387619023
520784913 907205698 133053534
162008711 625401686 853149039
235140952 245137803 578369225
925528242 153643155 621055103
455547041 334633168 125498980
575481928 489030481 99364558
739504993 634778125 71073679
448909810 292547166 768163121
168077904 591709632 824708208
846123353 900537545 501235708
579125997 196543083 610353775
475535533 195395945 414365836
768584951 963490839 300496826
935773217 440790614 101135552
201889268 348646862 791803585
61297003 612887148 907294841
648272044 686484766 171043256
465187142 374729421 326785823
337706156 12280219 757064218
491428594 204930654 693427485
235727814 106830940 404393506
857777584 273044295 612707682
400337293 938930554 372626002
120267849 95327349 808451296
398521052 591742870 418457838
809147014 526888217 244529167
112828750 693506898 430268288
606721719 107764265 312052329
864932036 287297749 989568596
826834735 417185244 779549165
762084069 996857162 252127739
289122756 754885936 160820894
334153879 868302431 364706506
981943121 250080613 556930564
191646089 983123912 786179162
585687350 385515393 504683688
818943915 763375804 738039560
158865109 362629581 122088857
503956146 456243572 483245429
413131028 672366421 204568044
939834263 335215793 495931909
833774048 804059498 513698357
472037399 296646965 550511713
781616038 77388576 227579409
131374642 437404999 750429430
35562713 384345298 355564447
242908590 32125490 733398134
136200049 957799324 423255808
426064787 59449284 330488661
217742953 820143326 412129756
259179950 466220497 501366091
378346302 693706173 717151966
854052881 670580656 383814871
15641973 694606499 667405109
611987087 547369403 636039352
388261908 142705853 457775636
8098371 176887504 211691891
574882085 383578490 31635504
80502536 126072276 361910994
140147000 510465552 832372550
867213056 826211629 693748065
232379104 222672633 704157589
811350543 149086278 428324849
989774899 587409264 999393118
122681183 14942478 788839191
712796237 579120886 352169065
814233308 400735095 767517357
490930891 228072657 315703170
655024311 389432056 839179085
951523154 898038154 496858101
534296293 707290637 46380507
384383240 466909293 812905752
417406623 213057972 508120314
302075415 861526795 607402432
100763105 100954864 902191763
423799087 137597624 893769672
688456430 219512904 234291540
430190851 60842511 327571343
558317001 651296071 798459437
667216329 703305324 784671096
825048507 415379963 303689682
685133501 734490991 510136171
216556753 752024184 69260350
19675548 667577982 187336273
189995869 861839957 565181996
110220331 954461761 755303834
584284018 381312556 425149598
275992496 529227301 995527864
222757995 917670684 286148697
94667381 85044699 850148003
434474083 457175624 786884453
20758858 958328537 331585365
596090812 8676439 675785871
499152130 309642198 599783245
405159066 383987444 653610216
299915251 583962192 347269903
112156263 632778829 872179525
442762105 379739656 675348128
228562255 364083350 896415168
438589297 81767042 646387980
593576387 94654342 56629044
927906752 352988296 20937186
582002168 776619991 987026626
886391756 991909286 897223861
48568167 225976520 699595600
913696767 373294509 463677083
423271501 92907932 520380167
841124170 425846834 920656303
802917675 629998874 931375314
101574301 662134797 89180816
390138948 149061389 423980516
567910002 695655133 530379234
984430884 445889987 599306033
140123713 708811905 152029130
634272277 479584656 248600818
33882123 178562207 152172916
364354474 892454475 177777699
81432018 629753375 3694735
384736311 285840590 176851462
251127580 655278254 372538574
300530004 920517240 245690272
883557494 422520382 437187943
691429215 574058668 910573881
206904045 627036290 784239765
629203193 46668881 27503070
822829973 434367093 232539415
585405575 823462226 887732448
974680324 232205778 369008561
125853617 203012126 832902485
763225814 165854875 91595944
666406116 58757415 293637524
917725481 420661396 190955336
285947089 932558948 204894907
487265824 283988167 758786400
345709037 63514321 177723434
716454241 117961984 56933571
814197233 308632556 67405575
527153049 671232848 592846023
615311194 96620857 45050811
669938165 78739852 100511175
73329384 357821885 571533170
258954665 309183692 556578466
492703521 584261508 229531037
839054187 583493359 590081084
747825102 672050460 989813104
245317367 892565012 784609018
776140666 557604121 339709798
643062923 392221729 541395529
49539832 507473298 104971963
584250986 266078270 953954838
279714012 702364577 861903087
686594650 454284889 647218772
369841918 684839653 479824712
267158824 569941153 14721147
296537085 524881153 254559822
113969185 748525837 684293381
276959928 291986717 172971854
16879769 100677844 996417778
366756820 442125153 409982425
173303654 157098997 505921859
972691259 85037183 340815173
413978212 662620846 725581953
995144601 213538600 887516201
24049649 819691271 615388725
372473823 136121236 249114595
899083888 373601863 539218543
123069635 507794685 293470740
840779720 680471674 459477314
463035452 345961762 927250976
349129955 55631348 631092292
750293256 86511558 724179120
728900914 229929671 159625232
13773351 754878001 386571058
439010854 470728269 334697414
743906911 331933356 687031638
22189750 746109602 12034695
745513912 508224518 973090449
933102302 873508393 503389436
989112576 875847444 102240156
59129115 754089221 392383694
906953543 409355306 712587251
891606002 184822943 141357
669603682 584238245 716906841
137401705 807094052 857608012
808137577 253604963 742913872
388404363 315128070 858247649
545159739 154756424 792189091
475630310 533044345 291142311
127119095 541927609 832022751
736406542 991105781 60772062
675238530 478111522 158681043
896525594 439551672 486922183
805507846 55120242 73521430
759639587 639810627 971166763
235511151 950426779 83597695
853140938 570871771 413678547
261883119 940905237 164842668
594520753 922118919 75636495
185100409 711888474 6712446
112723199 40516118 543282738
29364295 675898473 532067481
788932063 443812249 112392466
460773718 577667397 569926119
966206207 823753699 468158090
50925799 481761397 639577620
784610323 439526542 754038778
206578174 398206596 265319697
308098129 457569271 897110212
214099684 135007873 216523411
410033141 229181630 594056142
175397031 788418431 825570195
135304637 706679625 392086789
310725271 511631891 361832397
249163884 791599424 441374422
242194889 710397402 979057987
247659593 794681105 476665268
680124565 52319987 94868922
39697055 810919787 926081431
528458266 66079103 651790906
332629308 265173701 186051450
129309111 710022950 194300561
942295540 865303767 777465562
932235922 710803 901441742
430064670 823145501 336450876
657859347 338574069 367786184
276217875 289375065 597183398
840471655 679550334 926381974
989064884 407566095 452002338
826714623 471547622 418708758
835593955 422425865 632629056
573631761 935093479 52559209
379605767 352910803 230122899
279675412 33273281 443257971
277883019 764339775 248624945
928502342 510073269 138734430
667441502 817422048 784014133
326714152 792247947 699722262
607859570 375619472 857900351
568506878 683855630 850467532
879632958 703877868 985065713
506615121 903900301 632208757
404989502 694859220 144656753
437033583 568180315 606877514
486904944 513445102 905223404
999378152 134585677 965102152
953539031 7175203 40289295
271454737 237307713 43452079
733490938 501302814 998512014
563473539 548750995 714818181
160989028 164646866 335262111
520301466 612920231 59978514
229062947 110542323 863076733
285472504 786958437 564989540
258434635 978086009 453117160
187507202 163503542 962206922
9484915 985484323 870596514
64793440 242181386 943472731
721453621 753208816 68580082
84058751 203432403 515271790
113117872 91272869 939634466
601950481 114475785 337357602
583155975 322394188 540566274
987298953 130828966 583915221
634669025 775719857 694609765
324613538 56988969 177377199
457489641 647100390 742281377
627574743 454808342 113135383
215687245 843457982 794142738
513418473 473384050 991011642
278983745 663916883 654586773
539370591 915073097 349677193
117318780 46536578 843666191
849673471 686304810 578404665
710341560 626426220 981513702
742143576 943947176 682797251
114735924 959997429 779759236
283354682 405376473 389677924
155625011 872539462 320775130
522359866 849131736 30854044
360877948 102838861 864461016
193262385 881067332 311680945
280900314 539235385 627330552
657787579 99756481 902824235
769929883 100003841 114653874
418191035 548902004 621726296
582185747 408451037 67534087
493035731 790900873 395662279
941437977 421727945 166609145
453051886 914198959 193403343
879854727 938481160 354252814
506578361 37291417 34653703
247235516 57041052 837492947
27930659 207591292 693199054
236489499 135876304 958681685
229860067 238948758 708012739
258404747 933902256 122397608
166121200 724133027 414417995
143840503 627141774 198327650
330466312 544058216 698678032
601629134 494812285 746995999
198895148 365024810 731817342
215609986 63378903 144969469
202700576 118987317 796373574
692331786 833188793 426330910
957321198 844599640 96908765
213265506 833262468 957916459
989589090 620814694 332653052
399191048 148706908 572711886
558212237 950132661 336914720
692574592 382135978 845207605
798570052 74423968 59538442
211932623 65820572 494859156
627654816 453315334 138261822
244445953 438548642 430971041
905625470 967933387 606938757
605044132 943203057 455870232
645542654 442555732 445518957
271032396 168956162 56836407
940675334 825410830 298887109
598884112 429958161 689552704
634899646 208014566 496834852
509227274 570215328 6653692
743175187 124262607 304422498
157498329 982441716 257359157
977096503 941708353 815564827
535287072 142195861 940458809
897645597 328775094 493037361
325393414 100666832 648887900
616561664 982833710 842862664
105587382 482230327 926167924
451096283 633749162 205804874
440418783 431106333 704266333
809820400 256838067 890162403
869698611 470923548 957765493
446907971 726065362 950373381
8849386 976262033 66132255
589243934 783260183 353283939
867246142 412116509 689082178
358498445 32662421 17685239
916738798 289984548 480483016
741207521 611330786 547641726
515218365 334828112 975701282
331825711 554822297 527222264
97848818 271029261 362665408
643857104 849560538 180828459
332053464 64624908 31771036
26072033 413192646 409153824
458357822 818510017 285942958
874762178 72951046 951745699
787055094 443624423 600927095
463950489 248950083 813841604
449491288 59504122 134369913
612312014 949852333 137920090
882401726 790338746 952715707
418808207 786539895 677512573
182138631 969579949 205362760
356682827 871834967 518960393
366790423 343328155 645098414
580719673 427436296 632464416
728069459 518730769 498847105
271191760 714745290 852219303
646843431 673606369 902922455
996698191 239001310 956265926
199822466 740814238 816978380
733692725 880373005 13884266
801152342 313259810 729652478
261476295 518557216 662624708
598161179 37191947 758552336
639111055 138567783 428538314
888991051 655746359 228494377
132991705 287859253 196216243
113586661 317289294 817636724
293646390 759211360 986996861
32860908 745992758 861238431
55716859 8889539 232670568
654940647 427416990 835516254
872184769 698454462 21716858
507262305 229925750 304182503
741579237 154162610 493855996
646708329 168934259 302138230
247711495 685772168 92011769
357905425 957511822 339434441
676876173 78657833 889757892
705203441 443986052 92576931
643515680 354244870 166384497
429779619 972882773 253584971
722791467 328203663 850053465
598947143 740776647 972018700
788946273 283624125 140612504
140369662 232094178 529390004
278686006 71512971 510841744
522932592 321812595 200862487
549188962 472188790 856374374
275197256 862802572 992000908
921795171 621799427 123140226
178960309 584654336 824791916
843182842 22708792 271265553
631139305 571298794 23137176
895928748 267372575 489734021
959581340 416266789 881809650
409735233 602861128 343438097
348185992 990926547 33733601
278206790 638236998 115956271
766429933 599757784 885566416
779601292 937838383 163607068
48947468 934032990 32448686
531613608 165505310 827230297
129585069 925119056 88089197
156218227 233038003 913961002
573452187 97278946 340866692
206798730 611157392 235011097
532837413 278432006 465737583
724204750 195341531 227460465
214285470 670432502 238600236
832355299 116991681 209563589
931083227 243025326 960736702
666831538 527715311 550349417
28548025 77661553 443106988
427600361 924591385 547002870
918149271 111130177 426851457
750684791 177914485 764479945
448299222 554679658 50946891
837794579 31947582 291128194
280450143 572675830 154216734
613512117 108519220 393045126
587405851 487406392 426476945
766725913 413464601 495105407
291429241 149319235 691311934
834256449 737361715 905023450
769127918 141265778 712573252
925168114 796626127 499788614
903940207 899560160 396822214
338802228 229623738 796749626
921000183 79025903 456234091
994303444 247858376 438274157
704508933 964800963 76088797
947781091 145429071 404182621
228637725 521369286 276378445
479280950 901692843 473860299
488089412 539232292 551576812
838706150 295689401 917308219
494097030 837669454 802450546
695697616 351974750 827289719
222542706 677287289 28143768
71491861 272208128 832252938
720484763 43692318 766059680
586629529 731620873 244750279
9543190 229064570 810858442
3976837 597521769 613014338
481099009 544883981 754289886
445662407 729250835 984128340
150703864 918831645 540932007
705825679 117147261 514029978
304174751 600495667 519074931
766770642 473231907 645734900
215089182 43894170 968803222
200128456 291565827 47287304
48500382 232603365 259801319
230191216 216424224 522523326
920244175 922469991 995247424
59913481 492032512 858802627
28519779 867499451 904252928
269218969 494887472 586457865
321050770 589046076 906017418
140522343 953451197 977655875
705682327 146624908 367431621
341192835 312828603 624508524
778096943 781555472 985564572
726386491 63443648 715957055
894752798 71943023 871149181
694879909 275830376 760318654
177122988 298119960 453301469
858067739 404132816 137276077
441220130 540281532 903532208
727615928 796928797 336223253
152340560 235337422 673421043
154515421 416048117 446727876
447615241 504000264 104830244
543560880 767593219 506680010
36162467 345682919 411561158
572306586 498227061 438767100
432482937 33461291 815817953
913515719 141166719 746500979
199956586 97372762 959179645
920094375 144685783 111681804
149374554 894371388 612514604
816959857 50438201 843008743
741905582 254643807 321154687
33335709 502562018 802681578
588280018 908069779 352762254
575246952 268879127 176152125
449243829 336008300 444315507
638362962 287527070 298198734
64419914 485208773 224140749
479232928 281044546 211014860
554881287 695499065 967040063
223392732 701440337 658697774
198909799 781514410 607115760
220720467 754920735 80336939
338726506 78319037 100485387
212627860 692589698 11292353
235568401 537673306 133631039
673933813 304893270 731007025
537901541 454586670 490463806
780931344 166152185 58080384
220822639 449776426 544077632
576422464 218817230 657938677
417777343 970759939 238689407
603129126 508384699 323755423
198298344 32267442 358386106
892496169 740094381 807650510
552383616 291679476 354328244
970424559 135929361 354154135
779963426 102126794 965989044
975822823 549272155 435280467
533673709 931269880 344198149
247916993 345296258 498425887
842544645 704653703 960048502
658136562 352428415 183140956
848205328 180577605 428109785
957505331 312007891 701025581
788009656 421007682 152127366
426884864 267997184 212330494
493612589 824983122 725629399
170895643 430562573 924599545
455537314 178747536 353696939
190387465 311628549 312242321
761649101 130983128 915485669
993156498 920227702 475020025
372544617 708717642 218188013
938499652 289448948 84951980
4896181 875857867 680116268
250020078 659061141 213130981
934686965 142157189 608646289
254797607 2542709 282248998
824168175 387987556 307983121
417038790 922897714 339342515
954838893 816321946 685747744
175641705 332954223 391203606
444523711 964464666 429110075
450954481 466161747 98480283
997040952 461855774 29090401
86434050 602478089 65016787
229513902 779287715 888370067
168265094 978296639 208112404
466839548 613201642 598893145
428679208 777285545 712097781
141749890 469884919 319875390
182245595 941735549 993342675
885206945 405439507 678716241
880662867 396210679 552302161
812077122 222082124 169247652
868764297 158644949 588503762
310358606 902367730 497653455
346507834 483723738 997459967
661003317 789781018 905396844
954421350 82961229 618753606
207903338 725518620 314889882
51294419 46164089 731000918
166401763 338343959 31781757
430691977 895433516 840476326
786885788 252209770 626286266
108578134 743413050 194465518
890396946 94065466 604200189
416102729 696930297 893425066
61794250 59231985 262403957
967591481 992237509 777857436
15961033 448620220 291543892
69301053 875434876 858827592
137324828 365039626 899042642
606216243 338428417 123677816
188173904 959934993 124327721
755925820 532474811 469636024
32020473 826353995 135797016
304568380 635106325 695302105
843721261 612200179 552426851
754377309 405689597 187268977
601545735 154509450 55680463
44527499 361754727 642353239
247007527 179814743 8112936
244529655 317084106 70658857
391829807 275855840 267468477
536554902 675808160 952402119
676422469 750915444 642915296
365814689 605310696 464818135
873889686 853326243 551097193
32751125 486741669 425209921
556512975 918158786 203803442
471640882 976206686 300652723
931509668 309908585 393208731
747220222 311552670 622783517
566734923 966291703 641436421
976175297 276871795 271752500
795971583 123514123 650135896
239681160 407691505 273951216
561049728 73152011 630081408
467214501 593243567 793036560
847228816 237767839 892201705
914387756 491147078 594517907
601748597 939443764 650420489
887078773 534021847 518446654
708101500 543735420 580477141
355774366 196157829 208328475
161673074 452825322 306357320
646503432 175057397 998625526
583598891 885414968 254545377
736180440 844043218 75159264
606884093 74867683 402684452
474123125 558997325 610737071
319614531 422048684 144263446
609441294 978783383 813870458
699356381 833436439 201346499
706561299 844269416 291646239
941122221 829918958 534910394
994916538 474204281 567860158
779637530 890181309 759974541
183865466 375626507 379330621
972757134 53907541 65137492
36204688 866341985 914757829
489381881 315568459 476082730
352539007 504290624 682497601
632453198 860216440 354799532
765760394 739213683 772888036
195689475 934719864 866383998
470598202 563889483 119113378
588012180 934799917 332703944
339009500 744759577 472769716
270564863 213471292 360616371
843564290 348970677 6440726
368142406 223854733 169281263
337112576 655769849 253712650
614279410 263466190 591200302
427011182 176318276 486416789
515298445 845263086 738486952
123115179 305392377 945477887
117470757 740657316 609206935
412000086 745772799 173011541
212009678 935948519 916690619
462245588 372418369 343861480
540938014 48169845 880521173
704913615 362629677 261112270
231270065 74730575 23810094
597450675 283509304 207495006
352184228 620195129 116349199
556717617 457821526 761789622
174591004 515500349 885153864
985698494 496560260 856635191
750373823 797943847 684884395
921585939 681372480 104483845
953467704 899603464 40481936
694358957 74055949 562786697
692650933 10209461 174557010
834114381 61106418 940102385
443546730 570883399 881056974
903108726 759646970 175659949
383602701 359233434 200647657
34823924 564629940 249938674
29119578 101897681 959610632
775732561 708003762 442300728
9198990 830756814 938770839
589652064 930189580 379854782
440689134 496780989 487634309
787081397 689808092 757846019
93569856 280404616 586940613
743587368 768533185 587891021
870891087 804735842 735781069
543252312 416043102 157642276
238518889 807044414 590521368
875657508 828159194 73834965
825558754 856495447 652764070
86691377 830455904 695981041
931503248 784944040 268854904
722594409 901287327 465072078
735464271 457892467 768933655
657265784 746237257 870282755
118989693 91176892 931178252
308982095 456991638 762127342
59220861 379557581 754682471
828013988 738390976 694613808
821639477 927267250 911766331
166635886 267663238 415407405
236302738 999137980 316952862
547585387 221632171 160693903
773907457 296882176 315410603
268970651 401856118 20491457
72572918 240805591 67658497
995263940 782980914 812075894
321321576 310654814 682299716
320101103 3045294 130694178
771777360 318217205 117411865
770348775 12705468 878542718
894057263 943153346 784891693
387976383 976626868 772963079
184181895 699965741 908275885
772921163 164010224 451924605
520853343 622749540 131599052
926155428 322481999 503456614
875782338 561361366 496043842
956461478 639924148 496037514
789373502 682840250 554315466
400595827 349709703 932934518
44721511 625312647 144918689
585072368 374752561 877703675
291393875 302543996 732242956
725117509 218333601 700059055
200131614 882107927 538769361
28224095 597305804 759491945
520151142 709729952 680427962
723007599 435867174 281877703
935550158 168309150 249293847
441854826 651656748 925376426
601054589 42699102 787094331
60942730 240230877 723333558
69747101 961398897 969163516
932583369 262620986 689259477
338281183 439302444 147853877
820462955 131603915 822494131
799893748 745506088 498473030
210508659 867560987 34971969
30683411 511304898 187703440
563195947 283312953 512823860
726880120 630912666 389776892
151423646 177331767 432875397
455605473 645136150 691349107
61053471 945039277 354081008
393612305 895956958 891342437
874181058 63441717 134746232
181717327 875655008 199691845
773447648 347533550 770170847
504357350 141229644 244719113
335346581 77840124 36446257
739259812 386255126 132041388
894017091 904180996 396300600
366835293 917432697 923685806
476728591 18936754 402947334
671141223 545438192 413683857
637271137 195686453 36170097
287974174 391778621 769108059
432777574 916553663 974459792
321814624 900553701 465034009
534003088 107818248 763951938
823241232 936342448 177560408
262073362 603928522 347720869
300563093 948295467 826086828
796490086 281228356 803359137
214491994 970772775 391007275
379604169 603672762 129427292
256713293 381082169 49577968
841591228 113792241 802223557
206839650 928863290 715008667
759155587 497322933 751615756
797439504 126877639 530260430
562873511 308713045 108197670
357201105 933522368 819970735
540503670 503012387 542160716
769247908 709180619 152231787
951697536 812612599 470884731
93585548 590843089 690939055
897867802 742108075 457657843
543928080 460869757 903065903
725705693 483381663 696895674
16012218 767475906 523282209
135889701 223945268 198045976
352701083 924457044 585552832
7202709 162782034 481319707
763134916 489095980 235540684
737247375 334153188 572067090
955648205 32802822 382863367
26540222 641160025 673564948
134360655 255218660 310716087
920618895 889471268 464880249
152631659 32124810 557859625
393348273 855958075 151896413
2656067 123899138 943594026
955526042 163036825 349211170
717397118 377386777 810169998
206672644 994961597 55903468
368199879 29202142 657130155
937976938 752408875 855195941
638810189 427834663 493672924
888434574 251832296 637250809
296886082 961465869 359580673
691028468 920620544 795303641
548522845 399397485 961769724
706697829 90302722 465082106
858514778 592611688 184259636
831968367 603020416 496535253
600241271 931415010 289441299
668698082 762167698 428954791
33881591 625848324 486968713
257867859 174623826 892085488
916758689 652393660 563784073
676598939 643557728 533121526
65786432 199785786 171489929
323228759 137310557 747988289
405898019 486727283 546203653
422684007 484940402 293411103
176821148 545818783 141596667
373763953 589918152 579569695
686390147 515685565 410756717
799303005 194448143 991598744
518292401 326952460 399059172
541109976 329558521 446357026
319319432 697756049 611355626
463903700 190512062 551195929
669405288 10204566 387217037
115558404 121384600 823483935
968694585 505721639 468948961
580835938 670364999 435456920
280650726 22759318 425142908
965927084 458773132 657864494
886062301 534083062 826612730
68323552 321924784 643342157
289394834 262425761 2558072
641206470 729761020 793036966
761885436 816394420 71060507
474055524 531460416 582717359
651102485 683799440 301368969
787381897 24056654 118449695
406166108 31669849 821704300
799813189 686237310 309201011
466365012 886812537 992735989
575858797 205938475 482529134
831597060 787024411 82587989
174609434 274763826 394486163
540921719 791093682 190180931
500862249 353791096 880845483
664963900 49114994 690228603
879049658 979767906 264640324
452578277 886366164 940941114
618215347 599633244 171640878
629480330 524272148 714435013
544010300 375896405 404190717
319348549 331970485 21508834
834589506 913017408 37164684
875361461 862618105 961117532
544565495 813906323 509687926
149095293 351597419 625501825
875757903 846575561 743820445
522123460 799962455 306599845
124529026 273382370 801769382
891862197 79806287 344925086
526381966 245682399 240962937
146693631 794335398 774688328
565677492 216602441 73400515
507252564 132098039 367496705
564245496 99290793 847434357
11308780 915651229 724277547
954229156 962523407 297200452
155278337 145933881 958410671
424823492 888120973 80315177
356376146 17113137 169334903
17388457 978813115 844986593
53574050 56565038 654942961
244630120 905439796 349786477
734981432 331326108 325720721
166116954 290465813 278004625
861633887 129190444 120863310
943153564 932490627 269061462
523857638 895740243 203150881
132572814 304973603 924632970
253373599 505214665 399654539
105680726 997273762 255417149
326295778 992054285 991197198
879637340 99036205 87089475
73778953 485941982 571958449
288718542 91644407 80818103
586871027 884474562 729145215
96573980 32890808 728694644
255127683 725584513 403068422
204245882 513319979 238648220
6400801 811228072 434936794
871242339 61005453 214752020
920364342 332117513 842049041
51276050 494404131 490661892
646279089 213203767 452236999
936608265 129597362 787143001
851266439 997126157 339397786
874032012 769000711 63270468
637348652 345779750 502784045
872209189 574371439 531111867
184509469 833375588 931585447
7349024 934938685 906268149
174790745 280632683 549040690
164971534 553393738 257239024
419363809 245419812 642943359
517117508 139174254 706938092
722556477 429797437 106518335
17588571 245671690 190943216
353496568 960130726 80543913
688586160 592103039 201948994
801304609 311053844 739977209
908309476 163081910 887535089
501078474 923813760 293937645
89063003 733703064 951696205
682869131 182022311 777558344
755845310 290997141 570480746
605534462 907043209 497142865
303883642 145932576 228598691
784185410 795035628 718752850
451897665 518674479 767030292
716382075 902004440 198134044
873464967 447027645 608224029
261381710 417018394 954895488
514483972 434724682 267750371
42391911 90135492 703626709
442487607 846445144 153048784
680460789 25082793 448153463
278227935 781514733 216140561
643433770 904631524 800113732
862646657 82050582 434890773
768054206 633618768 272659231
135132135 111559008 484611346
446545771 544987919 892167791
766829981 339088991 12864642
276498544 40468997 402596255
318675828 17664809 507980192
152596241 603199324 255955613
569004033 786917593 674814445
293767443 847084288 153860445
696369950 141285647 929397423
51169602 331068706 399625558
150948197 303699308 576491631
901449453 972328887 166885122
593921978 320140569 522516089
924441446 890970616 782991199
873909952 347726912 101404254
472812421 568337377 131896691
928874592 419414415 650460018
590784292 824508853 797802434
132922184 50234297 15619664
370683042 566905207 265568727
686188136 303313143 273306708
483557987 72840816 745231299
444850804 949190273 345499934
944742476 234793645 381530519
483551591 854742040 809635860
443402569 429908096 843222250
240355324 883103101 348954078
888965321 44641788 533776472
296851765 587344889 561080297
156683327 397226108 14233343
477081047 535876054 623827942
860149408 831942683 314330626
425627626 894765026 537054027
147974634 496374587 901205512
562950715 437056753 307273935
511442073 689146368 809509564
662524379 604568921 607856112
227787569 941837780 333703757
165331872 957005941 490017903
481264570 313435363 653303021
516316065 708627493 914850768
620702013 317655966 311050835
548676796 10611275 362754781
260775754 409783866 977963323
763471889 391366733 422196002
709018483 216394288 67847907
424963206 895465624 962767984
836916432 161579965 762753166
63637572 471692313 194341468
608237435 131942754 79034115
442592310 905518020 219581886
14291476 614035298 404383757
772759439 897097743 72676917
446584124 751978825 490898427
925571395 260630134 516040096
621644060 514011489 966608159
324404107 606612214 773867429
596453597 696507453 475302737
217387363 607918996 473473324
164259887 885928497 617411946
174179341 81097174 84919778
351965892 585554645 312159435
201616526 698274887 909274553
700778964 712337543 742168279
1758510 644100085 176068196
709142937 520995816 994068595
178339578 434671092 398252766
922919123 648446301 179876235
921573187 760742618 149850338
658500675 337383054 863526541
653711647 848626242 941324402
187766322 474972136 951352813
44055269 362851404 975770450
78245353 869553692 633610658
530318259 515263770 233018508
676548408 493288863 467040934
965605097 47936595 137759212
327834097 41946666 75571832
900286894 372401313 474075523
709678444 509587514 195368091
990149224 279957813 988133158
621400580 789093519 723918358
527990854 132130624 652452334
122469526 125641647 706244340
626377912 448252281 600157111
864692742 846686051 955612100
88102131 33830811 717657251
121755836 265285174 351733528
36033391 20836326 645451927
16632353 506650875 225996552
861146475 324874908 998494395
208803365 408627270 631349422
732792422 846673284 815989501
480949435 503205871 66852265
205228454 670149992 111092620
554531673 889740437 590897564
791758259 883355033 482629215
837767802 45560599 295393710
739480026 443746152 873526445
445558045 809335834 614599178
609805740 953984940 979751029
250703942 559739272 7213407
510925951 731098177 798506997
786101882 829443085 222720095
727393514 946335620 596536117
876121926 605737114 17053506
335275595 631222234 329243004
392292023 760528357 647779138
743329859 620318505 655407831
829080800 29127653 358516766
72323638 879535196 416505751
836245849 334811992 892613017
679069389 705195745 39068625
251605693 22607166 817848570
908261238 287618604 870739166
545192489 874297949 366892172
38244321 722824499 308745946
765044930 18364094 586008862
900564355 316952050 219456552
221245741 972928812 669719426
5970709 760039 507986155
359011095 408951482 243658768
178931731 345946261 392821900
160699565 641068604 111805986
272882240 127168771 220853560
834279970 334170058 883244951
270512414 212258107 458516833
786374446 160214083 652888658
362353528 919247054 337551163
133655180 275454150 784955322
124235483 628773709 991321662
687011705 477362744 681508922
634358550 279809487 694019752
358501178 727049923 369861313
499231680 642592368 116153082
691425428 980710228 887686209
620885424 348925902 797750137
708548948 549609242 332847922
303758980 150824076 302742444
398230471 860146955 80411406
333314077 713511121 185487330
419411520 158782816 352408020
523540511 454906823 875863212
312165015 16542998 604300680
346132852 649993503 982194269
419802023 48087406 955010479
857436104 823545994 609618575
557960397 91744620 967690453
245124876 634444095 759879071
354293614 865682265 424990217
422803701 509276538 938727469
759936112 889812547 108776029
748265084 3172857 144823967
415992765 690100602 455287913
51491677 273560447 861906589
189433285 741316627 64845767
147514266 242899027 391431317
56745723 484157543 762208918
46178552 222422975 961351990
317766485 391072658 755174137
87510143 454202260 579454199
837627342 682266358 653171352
630193149 346479011 518757264
115046374 905462712 748241948
656698753 696992067 233614205
170069791 630217792 25985205
253871842 736656592 152423808
946936447 658855355 780782485
782661943 286613800 362930205
328817171 716645274 995984244
643064926 824013102 601224478
492123240 946960147 599501836
642694264 679377737 331925263
178599441 401703069 142704540
538453865 48555748 493309122
211983655 148158838 824519784
803604571 424415213 996769482
280426690 962613535 136209973
158111034 830728280 488856833
863166595 62134492 680662479
365130295 292222876 813240836
807017995 369486134 270282885
23593287 360682546 154728115
556585091 865500539 756240809
892704675 113533723 352191924
299391508 544736059 307553299
858148680 805248857 674193648
113664367 790346699 121888157
551228022 938782067 825438482
88298820 84844484 20614310
48847155 271360244 890961165
278982093 975203970 58833298
800622791 307011563 331474837
251110466 808874407 251872326
29795648 336587370 130865826
250007652 261820056 607168430
742390509 298424840 86162675
857400308 791154173 50198329
964062181 8805729 389787527
550192187 393933123 206452826
502003071 725673875 544089891
824231299 607263260 154752006
788275162 888957377 601440209
471169690 38948859 71195195
3406164 90578066 14647901
730168915 134475675 270914421
860547093 933246897 494632921
821387527 449029751 878811192
881499524 271621965 462018328
123863566 536122448 383349900
340471758 409970072 776702516
482779465 996209325 939589498
519222116 108200521 890314762
704614042 352291924 536909970
892643451 355073052 848336827
815143271 225846484 523799398
34975372 311584335 63483435
906569245 785188349 180946702
553491412 923092005 354479491
860424105 763778916 980101028
879086291 510689381 337940657
510269695 562972642 343235528
934727119 404311770 800407269
892019861 312863507 464640539
609054800 499512275 825451795
731193319 137713882 420880581
554881700 72057762 349195126
496765682 785870553 359158514
246989658 852940830 185189641
162839483 161712635 675443279
774366921 472700963 381274383
884965832 915894253 83090575
504030345 474315023 892577418
467654563 574495902 171925738
139645174 172656710 719945669
677112925 784888773 842031002
491101362 236112045 990671308
203982087 622858841 162610015
729157665 761496624 106447857
832649784 301559832 675349754
329383149 245031741 247909191
882566027 960466691 578711732
200646530 928973384 678704680
361943840 676597470 758132694
846575249 51602248 829786545
924072217 325461683 96241712
89501839 667060023 607246147
245964573 915318862 340394388
744754485 914260372 679085058
307211734 806520256 300846426
284640000 26339810 732811863
992317557 33404126 17670108
922420913 278706984 980888432
283543594 762155201 2127354
542471372 788752753 821497533
347693999 274085190 691224213
900304666 148809548 973779827
761448124 74462349 554155030
307523625 534937931 431906315
971700114 593088124 52503014
127754440 646061958 92065217
738870899 699118651 955138037
333430670 253689110 184884247
867410214 63489975 480414262
769622099 192769437 180737106
454763125 591657250 205947935
462151603 390425275 639173882
682579889 637778543 160363051
398570640 636390808 391027036
289675307 328125657 393797977
291438478 795224159 425833226
182987450 179746395 985572525
50979479 664927167 839383383
836830522 412203319 807061676
851618903 881728618 196773085
213964296 528096625 110775523
169738688 292210839 340477177
895892361 336084051 12374879
463634309 57465730 328472396
797275555 313141737 871976499
129307040 838407402 760465210
198454081 940667524 517194999
90803406 163119248 547812205
380714961 848647225 142868550
683141647 636957628 144515409
754758343 982550625 106532669
710402090 417280185 935077527
541487897 547318553 380123905
546977573 146974294 752046259
793769667 687207105 427896375
382196687 583775589 212328544
599220803 522191231 637934220
708594487 538674750 951353626
293211676 632574139 837509165
733172788 832260667 886585505
899081301 738533027 860866381
68518622 559908667 57377403
504283640 945536934 107584932
878963729 334633249 171553648
997861526 945392635 299087341
300039407 460800852 864392461
766118848 210090266 323905893
586631261 826766911 594716452
923328141 69824319 113461585
998571139 890637521 864086856
641794841 48653548 694495350
440476238 134380540 662843475
506639874 961279077 256848545
343105775 925572664 601613283
230364139 831997748 763493919
183356252 679837951 214119382
63130874 162864037 166803779
436277708 400928336 6259156
681297500 31210569 915516901
361391421 827584559 854067907
900068287 687114613 10801376
587990255 10948129 91844690
642542293 928314562 176797073
625509864 965997746 356816497
959183061 97305229 825234269
329790577 196894449 220227797
897414651 423754102 552362794
403859862 200651248 373058679
562246917 47308259 524920546
862082215 212239431 878594324
330828982 673569661 681885941
597793979 652448144 660513452
577413460 372990639 750083542
445252650 758651882 143946501
429584940 704255020 631940475
281313808 832345976 606463271
560142092 620027496 538533087
955094992 847445986 109435615
373103558 548043547 273085314
761888908 210294225 369403455
608647089 311938243 669339365
332528303 550978165 796180762
643965737 99019297 680085009
69323621 107341568 366294155
857776396 485233594 12342032
825097248 749050922 694039149
