2000
712028221 327087958 371501680
722796051 828104109 567130850
65466147 682759042 610626244
657094072 624024008 255152590
537926441 122551055 303593508
735059532 513726142 857029723
165463613 36401810 157983659
982369616 356338263 735271029
451104339 134396388 775394551
487360008 992550236 131148877
987272418 762763682 253844906
569669886 436310301 441087960
236907619 542297261 170682605
155174269 616266988 821233231
220140503 677131689 635169513
347903256 432770977 881020846
208480832 444460159 882292815
243786019 37072662 571506744
731383333 251015645 835146191
859638327 811946 844308975
107030289 996206258 779820450
964298673 991866817 307748383
665985811 851062709 214361347
653148465 126729024 463019730
628305469 652362462 579765168
866540572 761829139 179917403
131345958 219200233 957286251
247390493 317125289 334333133
548504426 383162584 845975421
661499806 848673140 386123651
308082983 903587184 401861167
789517649 943274092 403861144
98592384 802265785 441462354
706945452 48965003 431941230
847611932 286680448 104152758
741021030 880258385 419242281
132597670 781415638 787947957
131635709 259649087 547827251
388943181 752878992 653770407
335182642 705645662 422536120
131242307 209585607 850915181
773362313 758824119 684816425
283035967 498151512 725125097
588034764 800213722 836572091
541029885 131988068 136145281
667751814 675241561 260811239
734789307 89298127 951157922
52064394 274784332 744641258
792213692 445696450 492180537
158809964 480255693 379218244
393706695 734180395 525391674
759448837 733058172 474132795
735642791 559946554 784200219
594610930 138802170 799578200
975723179 709287908 438386264
958272275 43600751 307748582
54805285 174361185 54677486
739304718 411170823 389443960
660942316 120843696 980744930
43480011 664343919 828841569
245175772 734445328 192972474
86809335 150909274 829760828
633760339 876026759 621114880
897899652 775056128 313513572
385669812 610563932 282714565
5608997 549008027 161484923
45849575 588741535 843059481
19928789 434220267 548188134
653488596 511205790 815282326
112555599 401014449 960709196
104286957 366666351 44796884
286766741 165295157 66067484
892197795 40020076 741326068
490783083 492536515 22383111
570393070 703920816 967888920
569337306 334225960 925460096
314748616 65464476 639597799
797995440 9027127 928558913
529078704 80001366 531264011
432590077 417151048 718913223
193940009 342092615 926604980
72750998 499673269 201856978
818061114 647274395 697908757
745942164 30036574 826990312
999585006 769605570 17974501
979355604 247569956 498508753
233974228 938219251 778372829
419014006 810070640 594863899
426859646 480605094 537644606
780535136 908099243 42450326
728594691 428133656 96407882
659514042 733424837 796391894
78028927 558577865 880276936
598220658 508073137 976332726
316074641 301316094 528716418
737903031 519897060 321825745
270857434 585311553 426482377
871755136 218129116 673149705
267766402 10393055 844354541
583099908 212973717 852368387
658244020 68590951 905974984
793391425 685013524 556288679
246221598 14498607 859814194
691613560 490521566 66153378
716349301 445496273 278786956
794306734 27889536 114541541
390819053 292433576 241401400
662905386 89176327 311745061
669152451 579328853 478337821
630194683 177824390 50991195
635064502 814837055 508333350
919470705 414846357 814515524
770352263 356816652 56936385
642247074 183519438 861906401
812688254 274813995 783197282
266891492 380381009 158340342
223837670 584866380 703207423
73088599 352928320 174313100
929900174 990855396 580893332
907978843 830152257 962791793
599767624 219028652 921133727
158448915 673026816 280798389
103070572 63683360 640759971
725411819 311479980 521071405
171554132 253244418 420735655
669796621 669977464 901589233
342299103 677334743 426026421
578632940 326020890 842782432
651451632 314266727 554258782
312584635 985996365 470700569
651597294 635924544 952754995
836113653 969033809 381541249
100283204 83490353 688677451
244900053 650913896 442588994
633374177 777252817 877627074
435795421 201670488 166375496
163632311 866321399 843789621
343554641 722301166 16010181
43466814 165568065 200767561
449031099 606507383 118465196
940627952 454792848 310041636
947010663 163681094 268511031
969690572 153555080 260551665
641166566 395062835 505543779
461271510 67506451 319360350
537006990 730059033 807139697
283555219 199233500 32957983
654199798 975036757 153449317
646732687 60447446 458495851
700897403 334489164 253765768
232887513 492155317 340069244
33857984 708975331 566314984
853858435 170316146 918514960
656465448 572032775 106463445
238505253 206588362 745855724
892454748 45307173 139945572
550323801 242877 342324054
694457802 99493809 652586221
457450046 407816209 999763353
814492193 450154145 830841231
11388151 224171214 281162628
559968984 602520816 682565033
886268460 949682882 992277225
132002727 492133918 398762593
217443462 996080124 694810399
102258954 133214124 835213855
522471220 24131155 998977154
318175683 938402979 416426512
237423979 283341022 510914544
293145686 399358732 79690661
462964704 235784571 936737356
979713165 865993592 184306196
398625870 170781259 871830525
320757492 218330743 253496788
509351668 892283698 622450285
483717212 910187042 427077155
859037717 317709658 820005261
70175579 718033812 148267137
217935225 673370287 194480462
208189384 835841130 450710581
221623785 117017954 526902567
606298177 58397257 570261445
589540021 24651624 402374548
163249574 980385367 956650624
68743983 455298042 496030099
80865949 25463998 830251510
988286511 404784405 948341287
141553934 128736814 235415932
6740879 197290233 593137623
29967783 546533210 508549034
129195438 953356204 158200366
854407000 402489464 293268447
633650416 541539958 246920507
589397206 582822596 791047610
379238714 35957605 95701264
953137177 622096379 317918881
598950264 977246920 381130564
225218016 998058978 876090684
571221785 179173046 377444979
129526058 294839231 728272120
571797903 603724422 877628859
822306492 830499292 352671623
884909522 211871318 739760191
557797024 963279626 741106780
410749916 518625927 895089830
270644130 463773209 593739313
360570925 270393150 322876059
747346643 343299426 599947395
510286150 758707682 952797260
336195337 939813952 269440275
244578095 290338978 582361582
677601883 90052241 769261925
537405684 539777518 727185717
839016359 411927095 550443587
21760546 627125756 963583710
242369549 951099547 77443385
630272588 287022147 71356455
354923635 81480231 380396056
31154826 370472192 689529427
775554818 921130953 888425077
525474550 951717046 844418089
343875750 568674933 215630633
154865711 794018728 100458868
465627279 426122401 68782544
149625049 555751263 557628035
993983924 975490504 85922892
468838681 421587496 619883432
866145357 37661674 985260098
847231004 838990485 205152954
642009430 675915529 757235866
875205006 642699514 465352853
893282321 37026988 450115842
629163813 327955183 442883223
172995971 435971421 675912041
966977558 900998867 861635107
280493044 429622317 539914630
355251356 265478469 306981920
80856177 211951148 750446160
320976758 308616874 908497017
275733579 439350772 743886725
558113640 999290028 504946589
886316184 145277725 120320294
575394999 717161399 255705086
647475631 524749256 744973559
993328304 505348732 379562388
311050414 889036311 708328450
794137888 309761904 581275993
679911670 856747441 574716435
88062938 765254732 14767308
485970347 458808128 972599099
655319094 345643405 326145392
197546294 103884276 723997519
962418318 841095668 19948108
579826373 76879104 136951144
928816066 105683460 541754731
916434376 564481819 898147170
533762739 451257225 839446364
823058292 572563966 962384736
496382410 488780045 283386545
456163905 953427946 334212421
382599792 337980259 869401985
212383086 482138913 866147898
126825109 646647583 373723880
218332282 920168298 472826412
254602283 822434841 162799236
43914923 751926671 563395405
731071658 893463792 743773177
938671241 20223713 324478352
586168461 233789571 627885164
769440097 384703152 245230640
647230161 705721207 810538505
538046148 59293142 992548136
93237371 925561782 295080318
503166472 32087595 884995770
604312080 248539628 462930304
420852676 586601488 279263466
627431197 205551371 685032515
531587414 551581159 951118082
875864495 568181702 145347332
42537055 120214423 287155470
287228377 657147415 155173761
736930883 872729099 97060191
114917171 569668283 787955582
731503532 698932401 910415882
141290583 102094002 811935296
671278597 776208637 330510440
662495845 600485570 807628819
135127297 614734309 237113494
960740990 208903412 583729094
841531412 124252005 955382516
129699147 904358931 47226923
26103799 858094587 799792040
390547061 160094514 192635801
70024743 580791850 990746138
687967276 847160613 958549868
671238756 657567736 793517176
742007971 141849093 644964227
368555060 710785650 346991921
995884432 721676974 771826111
310032479 960462117 217967228
684864430 468091970 420273544
375275634 602471845 241447888
18169917 170559910 385791305
251445310 277608713 153003884
844471423 592110338 247046641
674407257 869596011 628603342
851773242 158408003 922698354
561707162 796052841 667261246
943923258 835056026 48499012
549858207 252042664 631714115
671448526 293384956 213376993
915316809 8347214 316734506
977614409 806313379 89977416
870225980 171241606 428844676
17536385 10602633 677321852
81385570 290177022 167379622
759622738 831922418 60267525
818392167 918462570 552581673
314648089 219513825 637773676
678083132 876098305 570655594
850873915 904406944 118686656
449757078 93062652 557933833
594265501 686436154 310588950
301053806 261985308 259764076
354283052 784356354 642456835
267643264 476545059 283836475
577978453 476044556 204434466
647097295 769734744 303122404
785630860 119625393 771328914
876867101 954022406 582878999
857126087 720243725 155035510
88052086 427288315 132841544
443709441 482369154 727510389
589168548 85410059 814716722
136189370 882261301 746004027
288437946 232434061 712882256
699024755 969726606 438641908
98739339 271174363 918166116
764382261 752314298 704233174
446659121 494319060 267159539
447771657 694086699 235185813
819058058 965002587 358938821
838235519 790821140 300550639
601161908 203298775 758027111
88987434 88606447 637671200
162345879 252103858 990959274
648796960 100446457 913099372
505022809 580142557 343760163
960478845 747709107 530959771
336998889 955139401 359673003
447779550 36146529 206899574
929584503 335879789 88054751
337039848 669542284 848398156
974412792 345140677 663576992
687313601 799720578 69053042
517649061 249735247 257483409
960855443 139330003 132560317
514092411 24895758 172095134
990228750 221121748 988466440
330392762 352150153 914102385
359888869 256181790 830167730
207342696 540838987 785007357
315569742 814662413 5281055
256262605 603919458 342937334
686356357 193910596 273151540
629392119 453993187 959480917
672628551 381164069 118531805
622403638 700068194 592142294
311936857 677287515 324165257
337500062 281998972 555103355
311364353 454363475 206850218
141305482 479126863 33514249
548412041 742555836 394206264
359789333 15936254 18897287
47499969 109917709 135616813
751419297 299189296 148717765
978007164 706195965 989003785
915524178 876138128 540040657
956925456 888561674 490770253
4721298 408618572 478700929
462454489 648186357 287648513
371597453 370174872 763912686
806873781 324383554 349439537
74017972 994851883 73925621
200632198 825235642 932097129
583748412 289790655 105739447
663312053 146421227 241408831
92511134 278892179 467239704
427368108 461748901 217823176
188727319 253070570 744771905
572009049 282617469 92104735
31567655 894106251 739309600
204507312 991792716 490100963
960562452 477266753 124296421
102699047 202207663 890294968
698049382 754613594 739716229
268764217 412425350 110680515
281921643 521688363 197288248
242606310 470960759 892009776
466324659 425461896 503050237
932385328 517036138 904324270
303215250 304368718 805140499
757308318 707466764 763523568
233306019 940894171 709775999
655940026 280654671 982382636
221512257 67447442 985588107
426401684 920779750 128736669
196136718 465438042 158482500
310722623 727234763 983797506
533527150 866997278 186435577
280154194 788834748 350253855
371351051 776476493 165316544
907154790 26306231 181100089
262332497 264406361 588476914
231753116 845756292 773208988
815011825 64925754 643709356
627338006 86059305 679122199
678052193 210852585 26315855
715300218 543828853 430050941
848123480 722416360 366475519
749401461 711427192 183931172
705434451 560286647 853375014
131002420 221934599 883051367
380806421 45318750 852253423
557785323 626682171 996845606
922468897 745320680 837381325
327625808 763660785 465149506
183283776 476805091 947675380
101827615 206033481 918870564
957329408 241849316 765202909
166372502 1248297 304737077
291725361 577903359 315476164
151886328 480003769 552111973
736714087 797677137 76873004
485196299 932976615 955616422
54694781 231451512 865308247
520266652 822432226 64076912
359146254 764422680 145050832
316320248 718665377 82498878
993248508 980068182 921072611
633801843 686737755 559269389
426828780 666390366 686747938
801369572 85782030 838155234
775765958 597182174 305386976
195288612 203487995 285829442
90212151 897229963 175519928
190151060 470925862 217867705
730105648 494295193 430027525
591542422 316988633 45496662
117139558 823575109 799304808
988913425 210216736 434946604
158484690 897177933 270957127
175342063 880154444 712246225
773034801 387955061 513379659
861170337 864193394 227352800
934286468 399940610 726996704
478002840 748673771 348618873
984061839 52783424 662949047
349744843 762044884 606966205
117610587 757832701 559929413
423780150 755840141 624818517
112059318 203436302 984611395
199096407 287727420 565922538
792411824 243015367 34032173
675437232 589527881 254801580
486769693 290609797 617550789
345860170 811282146 691401934
789363736 765854759 541875856
453367343 794564727 861353222
238826364 228861838 871415126
76584941 745402428 45095951
825318763 777708066 934962084
462430488 447124396 310297897
817147594 652074062 618219340
455265479 881377538 374722965
542039489 636783361 885081569
544025363 521722048 143311900
437637949 944683821 197354558
545477277 676609322 475884167
13904495 185482058 113039870
661075975 147910090 702131494
462380621 81344722 661901571
667499896 187382508 574072396
463869198 400644036 125054705
817004059 544777505 909357007
855569328 602155043 969381553
409212318 324966078 173299850
258701683 797826935 479144433
301677493 858152796 132042205
205977950 991896649 122449057
489306007 801320280 352928042
355423159 854324648 93000310
676000125 747690835 324136279
402254733 30271657 604255337
784825896 562204081 467969105
215237680 228546528 521089591
403910746 475527707 960455813
178341044 540940011 885923808
574798426 711058174 882170982
141370228 117159910 139930922
590741875 732165388 322405357
429948812 933723893 987098909
167397747 924427961 647914514
715783260 413365695 961682310
515236910 830878141 928496214
977659657 265492207 494800503
965695739 56533655 836254778
680009213 524095412 486834627
745371700 250080774 62853319
589159013 433961793 336577669
699684024 628435087 581918214
135245744 596132427 668432024
863066986 443799036 979760263
805694740 32419471 391377950
495614129 928357593 668361437
190985995 9048140 426549499
329426935 931811319 902456094
973771472 324886467 471646809
562273069 857122795 587004518
493259748 113298620 179519012
371903556 620031631 302742610
233449357 576256003 28211853
968340659 463921277 653931143
228722772 276539108 865637769
724599542 310078617 281412651
207238021 567006901 124585553
544713739 895169926 417658216
275138737 174092363 963308257
831330037 3011373 648947438
446638380 705264513 237515132
605114939 713280060 201405808
17883537 444567734 848689189
658550120 595015587 104876836
303842620 639863885 69707301
905596042 315224086 472317766
370826189 246435886 510024073
594744245 839974288 127168915
459647658 22161218 392604835
895199872 449837772 952355792
738222715 299003641 788381063
496924549 881152716 225180483
446620845 996450501 331745165
323649507 112411221 320841270
278515953 354930590 794904787
330459325 206663535 588373369
623733437 936064382 119475642
993700026 240214247 74604511
692802248 934235877 246329446
206666629 159464910 211954622
464406160 573190228 657956929
619538252 541638906 888780914
386735062 919477203 91078007
866738243 109929090 510930393
947388446 875118189 434955897
458156065 501259076 698120149
441072178 246474673 299688828
778885536 349976160 753243087
35734430 423997234 677343737
655677951 338873532 922578481
741888051 140733446 273148461
897483393 194985601 167532009
863943046 575953480 864341145
991850477 955046042 314364395
473458287 303086231 345852800
610244110 290219066 763775661
303419021 967658903 640755310
120849202 651484757 33360298
119794623 948160365 555938221
132210605 307741988 244712162
642368427 766732613 569364432
542963542 184426403 153460311
364679993 527492814 596727595
271642887 564727572 301073296
69934614 234544571 237444438
842913311 612786300 463563031
957764148 193392962 660708015
609921025 87719459 592463868
541521222 447351710 806008791
191522708 203960598 746155346
37470791 889642894 847352115
486860995 604423846 551255471
26174194 872273878 915843179
196192253 312038889 53112495
758989641 77183675 73636844
820906932 936700214 108072560
877849872 192992649 877630567
521160671 102582187 541251861
709963089 158123023 987806289
916009850 146739880 120119364
246002136 575660576 710303075
301001219 613210964 497817258
596396726 216615698 639825946
131121918 842716693 583258484
426544576 486079296 599730998
340003696 464555546 77005782
895756815 381641609 659686717
13556069 118130899 360116870
916371839 116230353 768395768
803019115 992724853 495599424
329090099 17424253 457286642
463297047 172963960 302963266
108256269 771971322 465353726
503106941 544783131 210972623
799395897 38342965 747147440
605743802 390055133 639015341
339881633 14388769 406740960
725208940 831673604 343123113
227577719 666462006 645131309
675935542 769596440 929183248
405308081 590853871 526727286
527823680 359869798 686522166
620119943 12647497 833577824
885193139 290091135 994906354
518858229 312887369 33257685
366848318 954232505 413038877
50297917 587322228 198017921
762996885 804336811 751845400
488149091 256039254 933873749
509283311 201415091 41906757
184854449 405475838 832166407
345214086 288029554 884702603
718822451 516118399 344326798
510117913 118503244 606246100
798478906 452470127 81551016
770413675 74599402 501158289
131556315 623753833 680483669
257292996 357380794 835869491
391945839 256702349 277884763
608309613 719121260 673513649
479400466 888134140 731854019
58694453 644524917 959872519
309220647 869712479 533215320
622663409 904510350 228953522
141893073 956830815 325201197
723758325 572705588 33067575
360773497 671474732 46712854
217822878 316884007 155983260
488333388 436820473 981431083
789261770 933976044 39425772
995125948 550371196 95883595
22624349 373157709 501942709
884737277 789408112 700775829
512828348 206546903 498099595
432144519 378588437 159529710
930381395 365892953 63252869
875949976 389119404 345054080
195802897 570292074 230446524
613594289 194778110 961936952
377105128 153015009 888918225
925768215 136136148 40514629
911256144 496524124 406737766
443384145 786161534 264405661
27481795 702111420 384927138
717251246 272433487 953446265
540052544 767145125 453694128
487407807 624661277 191274454
565302474 489204737 472892478
41741783 715235267 810525429
540950504 778118780 860504576
167672720 192428193 505929178
656325670 319770631 926030125
224409159 329006873 957871822
832987280 603932759 495501822
764210844 856459281 149448415
107712572 388453477 775296308
718866165 316760438 792293213
118514622 668613101 201075601
372820730 119095733 194222941
815728307 484552945 95007068
851989273 80614209 261869880
78071610 323328822 537800160
708149250 748498962 479528970
143945076 890061764 480128747
124373033 88749347 403806005
666947849 302015081 281757777
93278025 591706097 621401566
839496868 899982132 915594089
666351069 840662529 467949677
459387764 486862332 456198796
356048039 834212441 383604239
339368108 5839832 775984795
601643052 303686403 329327669
780595457 731294374 884131448
402743347 118607503 347782165
607699504 327702663 474147978
385885515 233437584 753265190
156489336 302652768 397677628
945030213 733929500 720011174
445489178 610701912 341532029
757779892 895957839 226524182
519186654 916050782 423643199
351201138 326922950 744304826
554265487 346755234 796472313
105888284 605896230 981431323
21446524 295020569 266946343
709470354 635373717 901985671
240638456 510832892 784369863
379448698 791679549 90194062
39140824 678690120 48134620
634335421 996488654 911998597
679756538 876594493 383249133
757592326 389769723 345234949
90887098 410402529 479785861
785890632 37078778 803366506
758591612 662462844 748677042
453547063 196529159 820302678
159503144 955169052 19544456
447035339 877411551 756845102
608218279 543672848 233259166
742247107 631121735 747049370
443124841 405298287 74833806
960190494 281891461 406664455
70099936 929374096 944269175
950691489 659398883 472658471
957090820 422444434 746885500
640569942 765489969 131690605
653664975 612576467 936460868
43707401 816363074 458719380
602887360 571243387 145913722
458102988 683653228 752149015
693891675 781970673 168255820
363960178 477962507 653666999
374789541 332514146 93148654
330095125 566317564 736396795
360507306 622624063 138096919
268434834 160180516 762444969
175965689 936094397 24117121
793031946 186230249 637044304
80544805 988809557 882302571
450318177 728094901 329184960
346556228 251581252 60637976
904937664 911240825 46257038
135415665 769514250 380005967
436915733 760882725 309733779
986974539 139501805 499390939
82710672 87319603 895401579
381684086 310094453 964867594
876805925 245658651 952175609
384551447 96088048 707370800
123731983 489809886 362054111
505930842 351618029 856070436
205677642 157092734 938924297
628378606 256437443 570320064
684182806 187927169 326446881
435379846 94635530 966860131
127729016 356886900 68450841
227952472 67690014 489088624
137742266 864220004 921645991
213603487 242643873 369034958
887660776 890370917 148114626
901149466 752012535 585611368
5716 39026189 455905064
730922381 941331914 634360237
677475089 881465080 223597274
329921597 544260230 661358351
829476217 227351108 605770652
113156214 65326556 172968069
136088233 324964883 134274680
434350599 590016065 538320139
392241154 625704974 140566842
984189635 905995630 494699551
864966312 227007711 542854643
210114560 86052832 964876613
685111044 629498292 923675768
6293017 592740952 458270594
823418436 996476353 38915554
616309229 103610202 283695842
151868888 142382524 942063118
412472416 6399151 224806899
351294197 17629537 833046300
385357783 384426213 796768073
454809108 162940654 434043634
367529407 465679563 251794171
127465073 20937382 992904888
556526085 443222264 22463523
382418318 616350799 332331099
227709084 166009156 812982880
420124336 697609398 992591373
794016508 36233291 296264021
109864031 711329064 724881857
314708895 420041455 825353769
917382120 2161913 13401778
635308421 86984661 414367495
485406429 457757439 218100443
198022575 943608036 7417502
288719505 249595158 948476030
308992678 199835339 730666912
437004190 928620444 839989151
839274995 38113915 39287877
632154465 148376308 225216904
987415462 541301927 16175559
477065083 70870277 802094149
635571666 958455113 271243749
258472272 122883769 308775463
535848461 263014686 117543010
362419594 384203649 564922691
702615282 253378343 193984134
573342101 604237518 463569650
737341857 513171496 846263450
528281890 129331607 697680209
972923707 72730666 346758509
713108902 252167128 987711168
405017705 346924027 378518995
70615001 56004622 629055333
124939988 537204394 421203491
398576442 748390590 167185064
257397932 144879374 62254519
769172872 863364590 133170871
677327908 528042815 3048558
492079689 146895529 415570433
901856498 773243417 525104172
675209797 191389309 263850173
609366481 637655742 889351766
839136521 31446270 589628515
837321729 720691219 870019416
312385639 333773123 603550511
985879235 874669120 699500065
408071666 971384165 86366115
207091424 773466162 539373475
761534085 285408261 467415555
180468769 192202010 67360854
72399803 489159109 612942297
762257110 285144558 421288372
102123893 691112652 587060593
489634642 871276773 571461052
255893338 720166981 161962332
609312619 196418813 928732785
489958992 4169694 124780527
728525820 262755702 925542746
290548742 310227787 425051331
495806053 45756758 842198786
343822444 705875906 987373109
174852104 914832102 907223672
407353655 443261823 620960997
679193547 323791666 946613967
878187872 243549504 20500281
549632410 876602250 183023772
549164708 801829320 751110362
148638693 376141061 825621884
464081667 66708830 332860979
797864732 481091579 281975182
820312131 613116749 437121527
71850808 423186312 361230579
740883308 867303779 149944474
657842484 143164175 445633875
526206539 479778676 762899924
104754829 877010354 351817049
451272434 741653719 703318052
44433608 610467292 339324980
333547828 178984933 215003720
151837931 145901241 209379606
82291244 21502847 421443272
728946432 574777787 160696503
506153397 848736903 67289451
672374167 821180437 704390865
90724849 859359588 642619070
26869059 266750017 546922404
418534084 148355969 858721170
154161178 286619004 829011313
83302744 735937229 877216380
494251319 625535303 120647168
472885145 885851450 510624085
127298618 495003878 63872028
98843064 448054847 480916154
894522565 67652835 988281620
111697834 639204440 9399692
557061630 936575625 272060987
784729768 267050627 401918063
848095762 359858027 99794534
681236654 527891395 897486668
449691054 62967517 389321075
735458815 430730399 461190865
371569542 79742840 499803582
531305117 590263458 655979501
845474768 144257177 905513387
55626196 771128282 351253335
49064391 949025760 990892834
834962350 153094747 366577927
818033963 293853362 280041740
893559934 840665532 461806009
411790782 535121338 991319769
781598807 963081879 792183919
141054662 952219746 926241275
380121236 179969547 709371374
105216144 195216988 403864426
463535440 500038459 407989310
420323817 644667678 127467808
178044141 723867854 741277740
660057509 558083935 567208348
455346575 448144495 190318281
287400986 860292765 449666914
14892192 865159244 587108586
503902372 365087385 801134711
679132748 656253081 329572009
545285408 211112151 251074023
882626308 694231821 375518432
797918579 343556129 604238145
131689213 4453986 915301555
835886851 132365826 94883352
174392240 958798807 727864581
896693306 743179341 470701441
963042138 771591855 787353599
80087561 307365526 685772698
181973627 570646449 578104463
617804128 764303798 359750911
151831897 625167528 754610149
469170873 528944970 823903317
758711677 423966690 394582774
894780812 239230770 314862017
221815090 384434099 441782778
584779226 619864852 745476207
939504907 66501106 886247920
816764837 685632472 526458382
390650715 210949497 854875159
771910771 775383339 345030737
306371005 982774183 436586357
697945809 932093183 159737453
112894092 24361439 521212498
123112908 541548807 598726816
899129450 742185224 391663547
925417080 38036542 899891110
524362172 345757965 317123841
869885803 692438623 6724
598615081 168003677 728552761
20222017 535999340 245159615
281016864 999520106 757385405
750637848 871816489 343625827
707663954 94122539 288243880
838524946 892033695 27279103
358294834 309985692 772939867
347960024 76692380 642105446
975805050 720284475 591290620
894448148 540615216 188178926
945863847 602220171 552485620
866085108 660552240 282676210
391384185 326246548 915342191
189084844 441812661 553299281
394158710 937850719 86013405
355044338 627040668 810650351
118519398 591206779 321795957
850064002 781425413 576742193
44593879 530521980 515997871
690709146 946931414 901271940
825840793 430844793 71119048
518653564 285168695 135620565
305366080 524949644 201544512
768227313 292599574 959836695
704555431 399603796 87336796
193821123 977455522 43434434
321412457 274285172 994717094
290603328 964888018 815797584
512141928 392230931 909575531
580753852 207058653 809428417
580136777 699711324 966749754
744092173 502919874 37675542
707011060 869914366 564670314
460111887 227488191 534768344
541593366 196112811 178579346
976364064 484317660 178680208
895309728 73364891 563785232
496766627 897439327 366483534
329264711 306008584 173354117
80554367 544684887 783186213
818821893 903338161 638317653
227143070 52422420 975782827
103797396 492800857 503292457
211861105 992463276 772371579
418212344 144200007 55436655
102354280 539076726 57667253
40881140 703023302 16689111
79069053 42141071 787527546
266692753 410919589 203616982
928542376 801399130 742807923
374121117 864188854 942255909
806603626 889100793 582389321
502130472 921068113 788927552
639391301 518116568 693159980
630340359 589146576 974450154
787415360 342488609 935085391
927707218 438730258 44357541
490962278 269526599 609963368
109889512 385374971 149758524
28988997 30224765 346445106
720709864 717335536 590375740
740437873 634762046 626354157
468887607 193738077 565970548
55720960 298937285 993042138
109885951 351383088 625614203
703282190 663183764 42921154
945934636 410424670 777307944
275849273 322582767 833454446
703724784 812289372 82956569
747192612 42304352 960214830
854194238 199175589 574568751
820814582 649261363 254504021
814120272 123144248 356541198
816551130 610503929 45457081
232971043 958454040 663209888
34261118 149283080 870074677
394265336 133651404 377611920
307684758 89651959 947402537
271193043 945224927 120797137
161721688 37534499 452197366
724812285 905007968 450585367
329337344 143392303 69654661
231195780 164304993 466644315
954794572 635687038 464932031
938504888 165888122 695816794
58721023 856000441 793262356
924322222 539007301 642396692
160241248 953413710 595954167
181244350 409492194 557106255
626650554 291171052 218719070
324509703 244774258 925152275
125381851 808446986 165185605
709219816 792046749 325063982
312807831 457502048 787086377
285155463 620241166 990276527
412326725 866466154 648454799
605972044 686859252 567527789
636876350 953334506 717713533
641193572 181294209 331206527
510045539 554828900 910408701
741698624 65934189 175056835
841503638 532177826 756601247
288720150 346211954 606735450
302812990 4502320 637389302
728126301 860968912 528589608
816220102 132214751 324167448
586287699 16122312 429987671
1245468 162689093 476559904
236898168 173502498 762780371
705817909 821479481 170600622
92262419 480544169 923330509
295275397 48368217 540907108
933185194 913294252 147088954
248125065 149559173 769160808
865275532 310547837 378574163
58966335 811681891 990278375
828308297 356053492 556763413
109584042 480585435 977337486
134336054 855120619 347344320
66969937 430955419 851046929
519852524 632172226 646381914
232370879 352798611 424709542
452901319 17007578 856011563
633265410 116681592 211872904
458615657 645766171 514026817
388580910 999188290 587398263
144414263 911575665 996402667
952144346 212740016 83323189
955053273 856215624 397677376
607532191 377132993 897476104
444562620 119076630 929557655
914484126 560378426 882403645
670698386 25146320 697083406
516078074 954752293 595432353
632213710 539520625 805000198
706814552 98068814 787768328
829945130 956634488 631938212
60746851 142384070 778221256
234536996 243789161 272826703
506740300 888985955 159592253
64221562 882448457 452868150
183929924 981940284 693503300
532452531 803004196 576238538
94914563 622315823 252810946
244647576 700301705 321425470
944170562 565954396 214286621
841142965 52762891 139285772
597698114 445350313 375597759
355960027 162507967 793218160
373376326 522789439 842918040
341357215 66041027 719543021
51698195 59135498 758774683
159168218 764413875 702352582
507080821 572651066 959352894
449685800 378178611 688325508
434590394 152203206 780434429
651363179 89753195 315295605
26102582 465402598 849031382
637091656 677602180 375153448
398729664 366023830 813130956
285426087 39651630 529982196
182981938 947169304 604111717
192106038 591342875 297417328
519028459 132738161 636746542
622465764 585441923 445328379
342126158 684026345 252908852
380198248 964624801 841708596
640504898 937194381 209915531
100422329 769503026 610264448
714557618 366100654 57399753
823049365 532043258 523200905
105688076 721094242 62599306
601324285 983881281 838043323
885448389 156072704 889038059
58261941 119192400 102989767
838826193 619258278 155673873
874934215 24248567 513868066
370958637 152263605 339562146
205209343 489264393 144336517
933038935 3289169 690179657
459879278 828743388 699784813
576290514 293944291 633132340
317861097 869463755 942983067
463602342 273399193 175096471
697795209 807055797 977228435
955054811 625662691 230140712
672990250 545522302 9917726
786381315 605784822 45449379
865034735 430659467 364047817
783083183 836925003 36735813
899791291 170152520 332077926
272428279 726736926 447837011
984654519 438134436 161651337
454041077 219489777 912135315
518935760 772803218 948703498
675047240 527497993 467266512
395864120 116336008 872724872
961089171 234081774 165579864
497382626 51991553 58916578
80971517 146837997 941837695
53574153 152896765 832737725
369168561 348565144 65048603
755525544 522456957 270821891
603379806 378778946 735298056
779061249 977213450 395154016
135517878 92651141 246002596
368456984 274254893 803840966
696265713 228476862 669777234
124334647 41286646 517989096
948737865 643728526 306907896
946561898 969180536 311015872
778391677 331682905 108668803
68630274 78250057 838624523
906405712 444573129 113995360
105645332 65224964 497051081
100012809 270559305 383028483
95580409 929550024 808467136
453316083 777657228 947128931
185840334 844052153 633118713
973894877 527217414 820450425
613679347 531992957 593742399
58674329 614304624 652743622
217029518 722233534 974441125
637602175 220806727 28102348
276302855 371979436 429321215
33191657 80199499 513918354
519625356 476892026 32940646
53847734 282244098 271820067
802729356 980603102 414321846
954395849 957787444 811233549
15378750 818661779 163566609
740924554 681522798 105534692
371899161 956758232 583379804
666812002 646285698 419071934
485062492 635278833 219154111
947910976 549829635 584469943
715641478 95420324 216021287
172306457 411376331 137258861
417560796 179086267 361388997
454410593 892784503 896089475
717839336 327488134 502005646
266402965 554267112 219863584
679281142 611922520 311669436
99932596 844483522 275951726
566397335 603399431 89825866
68981439 169973743 658434590
711943456 416801134 513521529
611074366 496082971 269779681
407111210 824071405 810214735
39211452 970204215 280067566
259055890 512067301 707321877
72042312 807369720 578396545
46723192 613130815 478474966
995972852 163975767 887967320
564426434 690570468 293999845
344324952 34925840 631177014
133354392 308821828 266450774
689183758 647441958 470443106
520721256 751769042 681804930
260461365 512647003 375355175
599861986 189136516 193619333
528633585 208208827 233298771
387349114 407634006 102005697
56782055 484893456 875684026
706809835 712377029 774683739
177972675 728132461 650693810
828852656 918734166 700264379
512209076 115027621 724550551
465652363 872347406 489893646
724693740 913634770 476338247
682355969 82765818 342196678
612575011 429504722 265770405
776377050 10078375 996070678
116324115 875734467 962935832
867309731 349812649 596757368
898467579 878423181 633472267
106019117 763520790 152056873
613636383 555983446 414739564
835423501 288812553 141820586
187237700 392583437 234534447
167468060 63774242 842122815
589764150 181362402 432874443
583540983 215485699 971148658
292371268 50234826 58980282
955399807 783679442 986334094
941551040 305865982 560735995
534998360 559066300 976005158
456925826 165351035 582140049
470840683 748041326 445482638
259104612 245323393 761484035
996384614 134080412 834111839
986435782 373292822 781478363
876347960 645380220 399833077
763575561 755086210 994249514
248340120 57141833 868644851
29415445 406546899 216550657
965311614 174987971 680583867
948254422 86991961 280325368
931460262 909469100 249102072
890361528 860446504 306498984
395659282 870599754 894538775
574831409 812507035 316822578
244510599 415793386 825459143
118919990 750966733 261997496
301857548 269387865 379143039
451953346 630742560 513277665
327905649 697971051 902181366
333230164 356873400 429518680
773696452 720469110 576600234
66072688 850675967 850676556
111295707 550420181 429036892
254140699 959664417 111856879
561103055 63681640 241087376
760046433 22806415 670203896
209021053 883315473 552961039
147728593 803650174 917306659
194168070 883064887 942505575
814198525 735973735 321227182
30558030 909018692 275931240
677863677 36978311 77063900
612802430 497748520 134732199
216044267 564237406 654580597
286760068 980584150 747560701
82537319 874925874 306212673
378405776 125534916 541721095
939616530 642919563 540722322
149634455 422257518 444362405
667096597 47030967 843448761
215655633 36864210 521974909
218446745 96928326 649280654
280513597 58883826 538078327
104336718 333858188 581652459
399266074 280926039 268147776
876002022 460894756 606741807
121411181 651127947 65826762
631154585 278621289 91358141
647215232 158834588 234020552
788378017 684694269 425897084
440358496 757333406 496321076
415211966 988687940 775970647
795977052 461550375 72276940
793959601 833911784 104283836
325535370 267831763 26484622
991950019 808752213 683304224
589925955 898406847 930348866
395138877 251238460 407013495
472261028 809451280 212379118
82129391 983026707 114326462
410995214 687818604 599826785
300962987 92146065 251552883
728807589 476838782 37325739
920735433 709653300 813247513
516399571 590493812 214948001
510702244 321279420 424441783
525500611 732560258 680378204
858039065 193196463 208855896
65816808 949850462 518211001
171224845 533176021 873588619
736464246 390190020 73754072
269076709 556481980 190192354
105743590 211504369 18687391
588355597 271925044 937462645
128948340 639972650 463451190
218431092 257747409 928229470
151407011 805850677 11470731
943527949 460121454 280757052
281179061 402140893 514550733
851770446 318114470 612531122
698555189 518339184 216977651
524848050 284872283 368623335
969612144 660712514 381086260
974049593 26769714 93109510
483368949 998481705 646353294
502294500 613878035 878184126
559117850 12355841 711533890
615296572 662364331 60559553
659581561 312835112 864495956
287080906 633908459 770561351
478647405 158384896 449919246
513250974 392387720 677168010
845961623 781577074 849297532
183368907 284140923 949114697
317536605 205727336 911568367
558403047 839617665 794035271
91390056 887032656 384863612
201522317 402587291 697228747
284887588 926654878 526168188
896908252 889573005 822480416
845717570 63471689 669381900
258302200 333024864 57177621
697442871 542269770 326464396
429475974 854858978 610918012
65664188 348755234 476236322
246158387 592827683 251394477
238263117 890838099 367969335
847960108 468112887 998648066
791388076 530832612 356048374
120568996 938516345 508683866
314110814 990895072 534783954
409451859 357009028 881174936
618901803 741762261 240343550
622314228 198395450 661739044
666714272 487947095 70460405
231807172 383513472 57104487
925452687 160108668 638973938
635240968 107798654 692624720
394477451 309134432 966951031
578282886 920756257 109833172
6803311 315402145 432938440
898613000 154217882 218395239
361898710 445236450 172717935
544600286 294821855 110798470
52228514 516170826 368554424
976470875 142698791 372390448
105341815 971949315 966779188
451753045 212813936 91436390
922910526 388236478 960179768
624891047 298458875 539924912
901751461 494761260 970808925
996409777 195828684 580867481
71107996 456688004 841549312
782179028 949537068 110045232
382900696 509883394 681945538
650591993 472314921 185431687
405892690 246245220 711879687
598669321 637274131 346278198
415530183 582455405 796866168
674220148 367929854 75924439
959644983 656806244 821089666
988455597 814192709 35011209
855449448 901293459 661475799
355126442 255087620 850774384
972196450 584273099 651859947
353607014 174038171 50194993
135461362 73601245 981065078
561346657 269297455 512937848
920597034 786286368 524300023
589296413 201745962 559453812
828629213 547362800 657282349
478441632 443743417 61463639
742268710 664624171 667419293
937550583 548199499 536934361
258553056 5666996 427798289
134524079 943232022 196742324
578310701 190785522 410467605
398930012 490335892 551046951
766414577 441586512 959198586
26390548 910250240 474135414
780734038 7669436 193832149
337662194 34522331 259280230
141003336 121009194 984300288
199972502 119229803 679791555
213414136 869649 778065557
535225506 342592313 75522012
84820059 341223403 514228856
569069628 447333265 653425923
405654442 466546615 424318284
438193041 24174084 360184848
594274018 837187960 92988666
761704270 70214631 324484829
436894787 651570613 519479856
753873446 481818578 137893322
946894291 949424632 546005982
317478482 633929508 313699640
507213530 577194066 619776696
893371146 330009468 703410447
84805477 125392084 191140537
356626959 63411264 274207802
769553350 804111637 842571932
93307683 343525912 700669992
710477329 645368753 560327011
39295884 940212337 388344396
569507742 677305798 168420819
312166807 252682492 152509340
611587211 716699767 428240884
186368017 365883183 302603283
528917305 143257195 918681747
944867790 753728449 741777968
86828492 480718157 231706305
304185636 950005808 225050230
368819630 511346508 945505108
697384814 707856957 842502381
658819339 78196378 793157219
932739724 487847276 378484894
594451540 462129902 61826764
85272160 514165895 210268953
845064126 902434564 796595631
354262609 257323802 603828208
280585922 126731802 153890802
528206025 96341750 90477627
174815645 745389427 247400894
353475256 795829168 961200660
309338320 463221206 928034302
794877201 115296800 506354715
733140639 233602830 776099813
188975178 68470245 858779889
152219283 496725866 141174375
76137951 808203998 461142207
599068921 551625532 892703165
393947086 625670321 536524974
410642531 148114524 759516387
749734937 271727174 636618862
707141925 227072931 604318491
153345609 536548171 487202225
957885143 884769395 904031594
975913704 932612015 777699247
217096663 380890668 389714968
307817732 699775273 529284258
206959302 343305654 370737714
34565553 138392752 230236490
926300681 285053180 52616457
433395077 735121410 764593256
169635656 134864492 850376115
208202268 671528224 377737285
971852528 635740794 269984903
683839891 670125006 76262954
598338994 872459037 889744035
726213647 722320662 98220519
597124611 869686095 443779431
954364726 281707204 821477198
447210396 483429007 300951034
265303986 69413609 580388791
995873530 299591264 370682050
141871796 425620314 163965309
452564189 675725257 510662894
391927149 909199664 524070269
403338699 57842901 332635630
844134036 22685255 46346908
4293005 407296019 872196343
353834980 589565634 376906559
36113582 955059733 80098433
576619933 451168899 551688402
912050177 798135027 316865483
488180737 114678966 613841220
965743130 551740359 303174740
895171287 717494085 524688520
985641169 501613104 720468834
721063146 438936163 645479444
794846405 292134353 517638525
40348552 302770179 901324899
337558229 851880401 760238066
14562821 954804064 410315893
737895334 755300443 297419346
573285175 985394805 53649739
55721762 332391454 680920563
908219642 695341956 150605166
823586293 66472908 153339244
68490156 982554769 449163879
823778576 412518301 675605531
931041711 502169830 280884806
632983849 88025803 874957729
707641068 411352207 435838749
355988023 471233813 97337698
760575565 594769373 679959172
734655224 881028158 538614791
808288576 658223333 413400342
826386540 44252045 660220670
754264889 981736192 181000176
891078489 800297805 740508151
578597166 812275274 82955319
907015112 786758221 33770087
648202523 792237862 630968464
775261828 945620831 243656967
915669886 283786679 526285480
890493600 134566619 521852756
739210458 705808742 545835692
725618416 902387227 403081486
371230518 991742560 409439951
644532620 834390270 105360826
136575388 721414423 872922313
492087635 442995047 452414499
616870301 406772159 627934037
147196260 704416957 311159251
993326794 313607120 655041968
584441508 810380651 511711900
170525242 686962568 716042015
329923389 234565216 850959380
789935625 132167016 628806759
891657244 938288782 307799314
195933397 688126901 609067349
317793392 507582061 798831924
267521345 887334902 260526646
102843695 318243191 464129115
934341492 250219131 379333469
72417426 814098347 146614827
424181912 354874834 474680483
303588246 194763021 9327502
31498846 756759633 143287008
762642812 36502306 180432944
523331703 941728657 965942132
894995272 134515318 254531586
222066714 690110447 834782659
672748867 369943064 345726137
590725507 537051147 883625651
272924795 83607834 374442830
293378416 800829515 890816046
733504064 617545748 988558717
221452452 653938775 187837092
709252519 218834592 470667080
59904358 240042141 210844296
501286153 905069277 364288116
716473600 476078029 418341840
730205570 807956207 908647945
476553539 156214363 736338295
72768116 940898939 827524565
309832704 736316930 579500797
312189188 509299245 557550055
671686286 794380605 744036324
949466010 870787380 834686486
775254345 654512846 280108338
365412195 969685698 297503097
723780367 720398650 474795764
654674384 29020559 119042030
475377859 571127368 873984951
576002071 33330005 500737430
571650252 826638471 784774159
864845487 309287507 41700438
697403029 884777672 112743954
401438934 990674125 412641109
514027020 325123998 68972251
978493965 365878920 857209474
88355621 836232931 207073802
955526040 153899600 977422861
785534295 771828532 30643008
588185600 262648180 987160043
218619675 359118705 623774118
567585939 95147846 912664917
359559538 606192192 862416742
825298657 627629726 682483272
822082911 589253514 625238830
913693247 167164246 988301572
386270567 543466490 380730801
301989190 212964301 227201423
638814997 575499395 630979880
741071698 828396135 613918001
31008890 529403865 952632011
172273669 646752521 509624824
465733543 736949748 570218075
759824068 356330655 906723379
779292723 486777235 613873049
143551543 529332376 800351737
410843834 105894325 712097230
645172171 749656679 871126689
46055514 938988831 518944580
987129138 244340481 738340938
602836534 281322971 879412425
497595359 516269668 488547667
362027765 229045 921644337
12497549 839148300 737215969
617651266 495382207 339264210
143746743 113874813 6815070
874371660 328025292 782599431
111754270 233316287 463123958
454906181 878264054 416812976
728748617 454778587 694447130
705450724 201895450 708608687
328390654 48873569 806910463
717506533 706148185 670073706
838308044 284321251 551798558
336244614 271397783 201909838
41796739 624922233 877133236
269948682 896035581 399516232
675672760 315042877 807493185
158967096 228562041 83227724
890254916 843567055 831100683
99242971 533629243 448086224
787643587 742548432 760208282
88874306 137766967 837179728
254663704 131349097 512078908
340706751 275286952 994054601
137691621 515966659 712103296
417819945 525683850 521392192
784654102 39804046 299139517
765993564 562326557 849281595
218598229 157780860 307928203
917895350 446068070 589908549
955658900 842500805 368994886
122921883 785106095 699759980
405308041 791601827 482212752
221594096 107854084 946838724
187719211 361961942 230143693
732385697 455331767 249820387
685228856 92985119 81162151
780493084 60858331 479975780
676407217 404927687 422150282
552749781 581871050 231837287
21833562 46628887 326306343
905565891 594457249 744911886
11573053 729392351 598516979
827078624 762657217 862346752
303462694 145547505 528907944
214152107 558768718 192213223
226578726 765211557 941314496
603089319 397461169 798910964
248126738 945519445 336870143
655686363 295030808 942190167
843590147 200956641 225380584
451894098 577080819 263521482
867034582 131710762 808890180
513559451 629948279 298189061
399002283 775082137 855653025
354968136 153142557 865316169
176106088 962657943 431583182
556032881 419891233 353704408
727330869 880154388 433056610
464558640 207930885 201128569
837134335 761921539 609817397
200186404 634327566 424066038
583172088 400002778 772502499
455882480 42258116 805349792
628439059 514365972 908441678
478097851 764319604 172001992
160349067 15897776 390451995
152662192 566078384 291049029
36432987 5222322 532665905
233131646 340815563 378172403
133725893 583171999 549288512
37024215 980544351 856130095
105666253 826812420 692895286
579710195 159793865 858279262
407505853 771938030 667592905
255085835 50062506 222430566
846419873 397124208 228242930
215280609 636554854 997884210
943651530 646128674 362688110
761424181 765117607 674189360
245135693 988294815 237866814
660589647 375428825 364366804
844526211 869133060 876539686
534284666 462028973 107181844
775471241 563746422 186607151
983935877 129447832 362821100
10966975 708589466 793282855
543308610 902580818 704512218
776978507 190493213 14824221
767480585 773228634 275301473
770314133 188454444 998362344
614973492 139819375 386235016
988343243 726537722 428173984
31032482 189099287 368022105
587291484 787820351 988138273
43129398 938884122 194366309
630898303 104908982 389589389
16441943 295512069 368472893
591854252 949179804 937905865
193406832 998475946 4425464
766359071 228343094 798253821
19497584 621026716 26971826
889420634 597685833 682893590
475461705 855033782 319456521
555215009 447812770 988687941
438204787 800212627 956951200
921833854 644244110 129612160
836059496 776501780 803906973
99735613 810390112 855254270
179419687 715134432 558776621
36562799 342155760 425770429
655847860 268175581 173608190
165239145 98506777 607660797
377627540 353158842 186975938
618217412 624329784 812941252
275817555 43427175 491517872
752192733 224145842 14222427
128687872 474555033 290373636
379903316 641894253 872805838
413251245 823956809 744519804
575388047 918068051 656431469
712395250 147164468 590263771
216547639 593421268 269321807
44205161 660903002 893300328
93741239 215692131 287101644
698708017 632542849 842058093
117410498 996639222 418811904
568726893 104837809 548236987
580968396 355633800 798228302
346586565 178939575 275911203
898790797 373817497 412843992
517652450 136357 752691452
948352644 715832235 956924425
565097716 782207566 366195106
499570543 533169860 479472397
681496621 866806477 324275443
939381462 97807345 514072150
365621829 873575421 674935762
802267264 17519551 757082903
415047414 102345216 818588838
508877050 528343745 18698698
661577343 237353146 572091098
243933973 394768144 786737580
289737507 844988757 445456988
843743078 184330180 216090686
997614250 913356221 574443808
306460102 64046718 712221892
384177117 35023907 744707229
498619602 789012703 613089736
138629644 736125052 641112908
125544811 502027792 880230038
596248201 518397441 358233646
803238965 808084538 305669822
623752236 717381806 143639109
938603801 359709198 144433559
765947599 292664006 60720664
300513989 140741180 901503417
829406929 799997004 245358386
431690280 395974397 209087617
817117334 872022153 633042338
454203897 855369612 914977167
967780355 113270154 69027194
689948208 939526567 769756745
748825092 21487009 715353681
397083017 397390608 722822487
804560392 56262369 795190467
923989766 899915024 149370406
608646529 740983973 892588014
23109484 408117233 155120231
700291943 983777032 124047093
987457731 187570305 718254992
805549493 646964332 11128959
123271640 768154515 369955928
340559592 73179381 107447863
459368892 569980800 751137341
872465796 104677389 182107212
396186948 624049056 181365504
521421201 396263904 413979376
135867530 750757844 230557733
139725336 473689311 590272986
660775016 977073662 315112054
832155817 82276671 769175494
740777986 553578884 78578558
119395030 528580217 715073010
74513467 740121811 294376720
130366903 940390090 376871329
664456508 997049048 942778048
915602278 377982130 678229402
956272115 634497671 763935079
753368195 242646135 93141416
437300112 158559318 92361378
633446831 466984866 691877914
980984584 855882689 678651473
91967250 670157950 648496962
777689747 998170309 847362586
433691096 159639966 489944823
185961264 650774887 789488869
292893614 597810005 148358165
420839454 421411629 93039711
516078151 458346302 288819194
206785635 54911649 805370490
8134363 467647924 106808329
107258951 495710420 31273193
971105188 657905497 624986410
504289495 525402839 889904295
897728354 82264722 914823493
144140644 942439745 434541935
130159830 70313734 977646284
139029763 486854573 827362115
883545673 212355876 178607152
767874062 664335931 760836583
327333636 807262109 337488233
638980000 801924365 708014693
231467223 913494756 627915121
747183386 148014538 517609608
732570004 463690931 166802887
130139042 727841052 901908579
517761171 100276615 8523246
905138593 18418740 991065546
644226606 675751968 999833325
738750531 668098114 578322902
587762501 841369860 581050575
349843704 643788800 903840868
978567865 712242171 768074275
532705015 254534950 940363156
295121139 793874835 260118395
707183288 930174965 140854092
290846044 23483036 456923886
87397240 714251439 958277300
294653412 374971819 133546392
237764279 309538075 149166010
707970174 406523032 833251608
700755386 809529347 13501581
212800672 483219457 275735823
419963147 739601080 565974820
809900229 467104455 980443813
160953847 666167947 773116086
99196908 728650127 881394181
33523725 906071123 374668610
68883737 627937345 99646430
388037796 712666091 398872838
63860433 635995530 417978594
906471507 557164979 75435530
981727393 462418523 240788808
836340856 771186189 720031124
133927062 387777897 658742860
511228084 167616224 407668659
14514883 879808686 830230445
43493995 289709335 747109559
488459456 183177956 914925356
718286406 709340192 370205878
873560872 848166159 121540625
837230515 939106671 953554695
246121240 803464690 652417703
234885218 715138042 152284103
827029429 799679382 658896317
773469128 833576381 663240537
2912676 873928905 105601573
734034078 662604598 509948383
70233746 572732059 223878199
216995936 797061864 540388549
607104684 416078305 192067917
864303825 617843418 251109941
847191589 320723123 375860550
66785139 208154646 279866018
824581813 750289392 43579397
980026641 14854189 627940415
636433175 991850679 173080305
472289080 845522096 414654087
19480200 64253421 704724085
164421047 33930934 813509045
312129101 993151932 654236032
704613925 574314075 27541067
295275307 186093840 816190724
202643289 240140861 809597582
298549999 412570907 746480505
88823537 845711615 683031557
123437030 863086288 408359513
161274062 241166535 661183231
599172195 438433385 341902243
214964884 77484738 376400396
552719934 48844003 825682779
934311213 4540062 961013122
757185618 258377599 521204998
557227077 815192588 467170040
612983804 437560129 502853424
732794829 721848902 760997067
269548705 636498546 407707368
916969338 577676165 740952990
595702567 131973152 377968448
978974276 737000072 516048340
957377400 725467547 950139600
719354346 369510930 260153110
199868932 844563960 253689138
379456619 462970985 820453330
855613758 778486159 54815365
449108365 650004698 883820215
79009052 373551487 220360940
620975192 161324851 319242300
731131545 202869543 277476367
648971418 111788870 532075545
666948405 307413421 580489367
451500642 358833258 164949706
161685617 817402745 597205940
341628295 639596283 630689041
353958230 954439096 28348568
447590176 956755415 78796658
147391470 126491099 578417147
287427851 744260065 132129207
477787847 550063384 690264983
137562985 611761024 924209260
426494068 899217894 576303019
599107614 427521055 429754978
647726861 44983683 553438842
354961492 992000428 675882031
961084333 813522799 358125516
481272823 215112731 57489834
16495090 154526449 626446442
6596920 994324195 491543921
575576446 662974095 885546916
170665996 490244221 17015396
575853946 160693144 711325388
531319212 526157802 145290537
670905359 240616860 464520890
709946389 429833260 867070889
263396845 614951920 281916744
816909703 421389258 323694735
462050759 301359917 944630997
240481800 162273359 967127758
282766803 167907503 5234629
930501344 179786186 671492378
812590925 315863064 930276861
772041757 8982093 274806635
245948403 552572621 578077801
271448078 709689199 201465984
910722439 804186998 578602616
752112330 255085004 954404184
612902226 14540672 197450652
250167208 887273602 420782776
53459357 542961821 278139597
270773958 683571892 493934762
994607929 550814272 85756933
112505989 3319049 533544442
109753590 899943715 457051588
182058762 588237612 250020282
252124974 178830532 827798667
375036348 31181643 630352061
775804729 792859873 324477027
988657354 155577243 354829597
180276472 323169537 113946709
5887141 199120 333110199
719563341 635313645 763656689
969542528 875328167 602138027
35995294 265571121 546952393
358447317 943707486 43730911
87180888 373719710 778706421
269812960 820455224 892744316
669058664 375985097 16574351
455790116 648919292 161187950
297856450 118579083 885097015
894035172 99031669 402426597
436726492 45454208 955812494
282603689 303148018 818376408
237602098 704797067 802359996
41659841 504053701 294161535
617366721 817908558 86488045
114528443 852480965 164984022
488973198 808392628 788975053
743138286 914803406 650066207
677073183 861558378 860012050
633711857 734187070 835225183
107536382 260619615 92090353
779756579 894349176 156110558
513654076 970725450 226254757
958675491 224016739 626188713
504184297 518916642 581680622
865729366 481374698 733421586
86486687 916915877 949826445
786098534 663460732 435947820
877781238 338185172 557768906
268661951 88415371 733155153
157713167 718520691 736329457
114915346 389716751 184459678
493977868 131122316 583446479
394508756 504332290 645714292
75118228 997857003 123181367
198816190 618333411 474392567
573774929 266637985 721705601
205960781 431207221 139482000
992926579 440710019 492289031
139711042 465843711 522312557
358578477 720310442 824439977
897364001 340022604 801853182
82297910 301553650 737319752
468581299 893492139 822756216
637518919 788849022 245523533
773591941 333382062 433720660
237992865 345380145 375236385
48960105 861854572 648947662
572541574 543768116 281741236
556730611 740784129 795948136
315238589 727298164 990647288
610417916 252599563 592744039
579073296 291592739 60220261
705739040 337477166 598010451
523756752 125530420 468450934
852464705 327403151 771076473
124906317 259999970 32334888
541417219 271489626 787062635
951456609 351159080 342786944
56623440 721161277 281917820
729587428 715322440 908701955
223593940 827094253 706548294
363861047 965604422 499626046
984962945 448133790 852795686
764932028 131311212 89965374
421548298 797472397 500776893
329504090 768155846 42308630
12338281 60260984 41235823
295212028 208815525 80597598
269801051 468709411 524507878
966484240 808828702 121843376
913106912 384911059 10930573
542007818 396063370 655028780
970233278 379171028 908180759
890788320 114641414 353231860
658957310 875228405 348768504
614703246 461655538 566550190
891144043 141853704 271023593
491665554 163317876 99296774
203039512 248035429 926929255
