2000
792814191 865168628 195070507
358419417 897387878 734864178
300879404 173195680 230764880
311961543 272245994 630145232
432367827 799203559 758568747
406517694 156052692 726770953
78399477 12276992 924159607
740220640 132138123 915199338
287242018 125103458 480223348
577928210 206936186 529185221
652194676 979308620 189285476
521595772 458322832 634891693
410930948 897552957 984896269
976491531 493679295 255789052
456494704 984314234 130061883
610473712 324103295 717309519
134820445 777709453 101542462
443185440 992651338 979623559
203628273 362377410 777358694
727181525 673667615 28347976
278587735 97170346 46163852
959147786 33831938 699136124
793649469 603412122 705139083
128944896 955193720 655372495
545312343 424964907 290460352
982611389 784373005 248892722
31518684 429120442 725354640
111860106 185573840 279783258
642179590 163458279 394091488
358959474 679379667 860690496
600416147 822906136 370581661
80629960 64045230 111879584
965879624 30359030 624607540
31672992 752414971 223120253
708674411 132677100 14277145
516076371 941350361 803831705
448911687 31096749 451757378
594424317 973898091 470592768
571573931 223552428 417000874
62184960 382874457 139532668
962327913 593646500 873507025
568213121 655383628 27942176
532669144 552841232 273797176
478256104 149588851 193504703
595425108 981625266 699916008
228676962 434611715 522870388
650146747 924917519 369983722
565607521 380003505 275880730
10359024 262333423 86274767
28685336 510579512 691011026
579507034 159876831 980782375
397998849 596657111 720212611
294942819 315919536 341992971
983613017 845301457 973842003
16326652 280904183 143016086
791854497 935240686 462839089
139830806 268451981 285775461
464585757 295321079 103214413
621594152 304803599 28332829
267531351 408561212 918825117
979245742 194612318 620680164
781031322 184160783 790512215
10848422 566103838 662050020
374448505 872918088 670329979
190019347 743363896 90697933
251572040 480346305 700958024
816614012 932387162 513174610
34729376 281815513 345543876
207446636 403037299 459970473
561408477 986722292 396202552
895747314 54849850 781869582
490768802 344168183 462188463
349187104 499023783 560636734
94804561 409136590 113381244
664839053 271949430 206578942
282587797 595669480 687773106
632198101 278443689 893583508
591674843 516069047 837041068
773959190 963428101 616020042
982106066 679503667 217057157
878137715 260182929 23507697
549442545 48392022 170052511
138469523 508297501 96513881
538773743 605462944 699329566
400364833 474281655 649446875
192068170 172470418 298253932
431715147 623933237 662665682
529365955 333323828 847216821
160094533 192086192 161254172
964092126 865434514 364815210
458246854 973231621 426658203
201720932 566027833 850917056
600352392 918106709 566500536
666019299 374825404 286970928
341624778 28121220 137731805
651849003 303305523 419538423
600733135 314625723 839915256
568542673 55796408 286586517
654198110 207503336 989376509
178759342 740310762 764138064
159503938 492597563 633216098
584091487 614839405 175880368
465909962 288699305 3467682
389092292 708357990 826844163
89457480 56871786 714345917
782595971 888607489 120752345
410655123 357527933 291743925
701413252 61120749 202051974
437450887 14490401 289389073
363105140 604294365 363848613
731046786 223080795 618016347
616340805 743707655 730087313
316865511 984240245 402468004
55215274 100210342 566537708
572821661 182801788 595054588
853498014 49326969 643302682
656611727 75658175 265089789
984801500 681420612 982814405
805993772 120160340 877492031
142600549 55541324 443650393
706973670 404070805 76162787
543959552 690422238 249266055
914469813 782411420 522725387
407282611 476731846 540100037
371644307 837903053 846769758
839109197 776712154 565735882
590105855 599093579 474225286
830219230 514408303 970931220
903149436 153136256 305265075
715915323 555851488 282883939
362184721 593137559 203705112
641608829 230334733 119361597
855098569 154334723 109598059
572279425 650652375 25361002
633990706 798416120 586696808
281984615 858458791 412595320
764403937 865794287 715093581
937233429 450488806 901134647
227632362 550438692 680218461
206916787 789103748 51976507
476247402 33378586 909664607
199540271 3171443 540978783
511698943 671833107 403133725
301575352 359034667 576633662
223838797 481626778 157751271
297018437 65218855 64522426
848870777 573557756 983894800
845605901 899997540 432978808
119407535 834226632 105140079
923314190 771336423 818855264
533023133 415608660 737436381
93260425 482253877 768792863
200847864 285935930 785670587
934567811 401638106 186721190
275817716 156415189 277452395
949747779 544817893 301976490
341379534 615370182 739609300
22687448 705110633 169815332
694365252 54183284 260392417
518250386 335203068 324210385
987065882 131104389 722409728
167818374 519448377 657261490
12434581 545635432 629086629
989971725 51105856 57368715
563779585 888601293 889955014
897334084 609281330 690731877
643019564 844434729 758879327
385147787 879995064 897176846
163807979 608388149 616396014
821707272 45578363 660044438
818360722 369923437 360018678
288637988 632842411 403240657
913144958 505929363 253262461
968261642 951032187 82510810
709937550 580767020 317944464
997754925 888193697 328912012
457736355 200148480 619694780
710166208 223845080 848425994
935776549 325863068 437679253
527589182 36507488 384058678
19519871 274848978 402474802
558790626 637926778 903092283
206988960 250745397 470677676
615326510 168502255 959247877
434054522 716189600 449011108
251423590 952501384 614009798
118428293 239872686 535952572
490681876 673598869 708926065
238339387 550895937 754815515
403479428 611584873 816304704
855304603 835872509 470683884
37790791 830019034 827084848
877087656 944957643 176775389
783936178 356617156 913516930
511078634 486578777 612126114
779894366 372010628 374254906
450005994 370462615 280971378
363377064 517887359 664879521
950609847 254496826 761265030
104226609 440796058 171490245
784346982 595459387 685759903
369541981 146802370 336231670
468427660 770538071 110014847
579908565 271241060 458658376
7310276 447683470 851603309
784775942 720707059 681952790
18199597 844163750 695488180
611917730 925304936 155139452
298887402 397900967 277492514
887278621 157353915 46577626
480336802 310411614 938455691
880358959 631590253 142598229
784761601 59025117 551085638
227995735 20916991 237864279
127044147 380030712 96350893
138260308 6720890 534322701
921681006 237509319 768610463
989752235 412367079 683970534
313606246 776169000 146224383
543970086 193543126 55618072
13321689 253237052 72356916
54797905 499610330 230292765
912713475 761749991 290655656
7750141 168242697 241053232
621308968 765153619 262547788
645342400 60020351 288350930
781702928 264740716 240226577
44998257 331087321 832342601
902478468 419747939 890300014
479035309 488284604 970876190
174567379 439900205 821176287
293679959 787402574 541083293
365746258 383152643 643757666
535227922 665120953 187461207
732742870 524757986 841036026
399000519 13507245 328164257
62889274 731147786 737008174
115778340 974734301 621151507
416194013 392102529 338386313
963991321 67603071 827889676
613403938 332681871 461547289
825469018 805631951 566146603
718906609 120121409 355683058
737277154 907244426 876814550
550599731 188697577 752005291
608598892 393331573 848832181
388833368 789535643 211311326
355471610 390901462 915402549
224124626 385273519 861541034
286553681 254128631 321755144
669626009 355731779 174639410
644692857 593811880 542212257
693454759 661143480 76006685
450869567 111533756 181519802
741076604 881144883 873888278
770909876 115954569 225769680
801191321 776177179 373653067
92083374 786123627 794288036
229308678 599820703 968200688
990734148 311481920 311687610
906196943 550473519 887327420
644728148 789891050 473697244
590359424 972135168 752014697
285410814 994264018 406375318
868956591 250660492 291033910
603314216 477590114 237136057
970799473 376033805 482946918
975148539 71650440 235701978
296985825 796563975 644009664
828451938 571792696 804589265
284314270 21502653 137096463
655200912 632190696 388894781
610560332 241653688 776890529
904059769 750042387 847374589
511614224 825484101 246313419
472407894 54349753 359215799
235856662 900996086 792280161
283099939 270192348 226261075
277976845 953421343 877284160
58193954 97310211 355390335
67414184 820585816 364116934
776972632 438802360 725017642
474696477 94067711 244590934
356922637 906395403 920152587
28682407 1130165 191006423
5580878 247256847 914712601
475118085 660719583 215929396
170883180 428291162 999474706
420144635 958906661 584671708
970441853 408701576 605198327
142039246 425441524 757064769
342223576 216572855 661886860
165893578 361243133 6916955
253343387 281287178 154253787
549452990 627122357 921482275
761950502 420906279 479599792
766936957 178926805 432814107
549388192 386732987 700892700
811248989 608914650 318632643
967198319 393733363 325770228
705213113 326528900 475162403
463135426 960726531 289540433
412359281 27033433 361134918
259804681 567261601 130235407
848034150 287676962 852239290
568088953 643036041 783898193
221168641 244055658 743192340
726186890 42033145 747833337
527612843 453619972 651717480
644288379 977105716 52649523
721538644 839710852 501050835
23731915 636074240 776866537
352389614 324559554 417030643
489274048 772291114 64546382
853454321 106814557 425830252
611448802 982027263 80340565
183430872 955793972 214951779
417599870 881230291 210522681
947095968 244940012 576044036
486862629 934856317 986240501
164458318 827292783 640587261
915497005 266696662 63137739
272442471 674996585 676504578
198770989 78448703 750123455
358133879 288951499 502284362
705169283 337739290 386544411
541009293 495957323 174594063
876137680 548464462 10279915
725670844 201442016 17259280
678997624 237597381 952795264
392260762 644752968 607358225
369528100 19706864 159771887
153617602 365476995 761854295
199022658 979084864 12133521
872320852 756403799 409751598
228857218 786347180 93643650
829968753 428009933 506351716
706363993 606514480 370095653
462754242 776222640 799706318
798838144 92424266 400529053
747996656 550626579 563259840
79018100 422279292 45620307
260994091 666775754 611264151
882466549 29227471 124266868
380115110 653435117 18564914
230595720 980787533 23003762
841302295 517406811 935097714
291755000 702296196 180938625
578047033 783328819 454625471
395878607 93358344 263587865
442663244 749443930 353514884
847242975 741513200 425437304
816382353 457052666 103873712
106442686 1714005 138798879
877244881 909856000 104244021
50739779 705583576 979536467
478465493 370534299 641430923
28569100 891504155 610876316
670793197 523010241 633382700
342084346 810140741 412302151
856279660 77891755 279900695
107747505 738327937 411988453
809479464 343364182 523866703
363177499 196111741 351820235
743200508 290028291 571035996
744934628 163117549 615754898
622778184 770951094 798099399
392504573 981818888 265387159
966525294 646185144 747597983
616472091 871245319 958966906
630428244 856968471 152233721
130603319 248853675 857641633
468152807 344821795 601454953
534346253 846633654 301889204
788777620 623897329 593641357
797291168 562226287 330951969
391709390 160245210 243267457
506515634 6799649 412621976
945151629 536222714 564763497
827204430 313677466 397662605
516545740 857667763 998042348
280528961 942744750 54720955
632665353 883052330 852389557
288927130 519470772 615114141
497883846 404694471 326492659
785270576 118688006 995206133
445509388 435665847 299679193
338306074 109001859 974986568
73589220 702772843 762192668
62162998 457734670 860739933
449030110 620675865 272266105
621096357 452344845 896441027
355165069 97654328 952221999
969290828 277296109 291520075
583283463 638207238 607591039
283098450 71204764 249558664
915274600 292199172 771125553
332710054 912008972 155024724
226270797 748442998 798877713
797737080 684175284 365198156
379670875 7668453 109856363
348236989 748774928 124671824
170761656 86873759 277178773
74547886 73795358 723098630
350652302 827204148 234036324
964730440 667795937 686497111
487873933 198736633 327827123
194881995 779298528 32197614
699213416 699415943 772467425
976786237 376326054 832103102
337670229 679948090 268312401
750157798 196630081 260698235
448233104 320738228 225661419
437373396 70929093 702196509
921610454 898668122 55046552
143454550 501671625 232478563
755696364 608539092 797110728
257495683 27021543 90649164
946526744 673778575 588219885
414502578 286920766 136893085
956939428 968529213 717990143
834248706 63624689 510199392
269744480 146881617 722663672
459359442 858157223 659574881
484246303 772124550 747593303
463754567 731459595 894268338
86534711 845015639 138662304
352855243 165429835 639028006
132678660 503698565 183502552
11743626 39226267 867072727
704734307 878029719 352104203
415345653 438271410 743407010
170341177 79153747 432949192
259422273 936700234 479412392
10851308 711244360 910788770
386846695 855556514 439382221
275238118 649120582 142398639
131767588 329733117 881909818
261595928 514728162 402716170
207046264 976910114 554517469
329821042 72399349 860269906
125525033 190302428 953001702
847769198 926726171 634508075
342494655 885032313 534560329
582383492 504508727 436701114
69193096 505072461 741062209
563570869 101871851 30808107
188526099 443285039 709563338
511560195 997281827 643018797
944601527 466407161 928529444
728714997 17147529 485018995
982924812 8009482 325038676
314104853 586617359 847088435
906294638 361559493 392682148
207484019 705456747 948114856
262485631 632642065 20751392
330893602 850044052 494925713
896817571 531383769 92805658
552274104 301345352 825126834
661599364 139446668 580073893
81702097 448695688 806351440
301277070 814285724 294445339
227951499 486487065 632325303
1570674 231347712 309819801
843437833 255769346 163513014
953955493 855335348 386341504
211712241 853151250 859064864
273048801 444772406 132613876
34280432 770385241 623073355
906151584 537671946 486796639
405782323 154306220 835316626
824815270 229608757 694138092
331692014 790491940 837441236
876169078 549598915 44455694
613650647 326347934 901649653
424142553 611859522 97145081
104520106 965058362 481071194
415358301 240722502 737913638
239941285 798211294 136333936
183860177 738302694 544940753
77549067 369225906 875933988
260441804 930966332 819784060
877565858 174560931 112043625
515362342 790024935 641331820
589150775 749053667 171390391
436233851 911870858 467936809
410538263 412006246 218861448
45917357 222435917 826155008
41517974 982694244 514469084
275647841 416761177 667881859
289774730 483880667 585741492
636105342 545279837 48381957
85264335 340140044 566801817
527856820 488822541 284102688
593088963 486144251 252945172
70395633 903259296 541120817
288856777 710990578 716636469
375579627 391856464 570449625
444651720 891916797 82957839
566548891 298330844 171566716
290383018 375053933 293931832
550872766 711795463 162624708
794754016 124802647 150836043
763092053 941604633 893905181
985221083 133017364 287519592
842700580 660901211 862738232
899441554 928208065 524615344
274195764 760224924 127482506
743457025 501184958 963835852
240845651 568790449 248960971
555720357 899750449 132875365
885697168 598537454 608448122
56024835 975099266 791662251
637049282 767205808 766322774
393885217 398888927 721060049
705356033 868563925 341427941
932905226 874950071 530685581
365253417 303322433 25407215
262713164 39005505 870531738
236396380 330030425 286196737
310336635 406775797 645980216
108937855 306381449 470939629
458237358 463443983 331531944
344493242 478541248 808797766
661041406 362549265 79939763
572428026 111160304 17084391
418841868 852654143 367446050
901111408 454812049 455487595
285402746 64518179 889915205
948961298 573457437 493075379
454224239 613581833 757079663
279805975 480626579 75482470
996932374 230609026 686198134
445253501 826718198 41201258
927956253 159482339 68033845
419528068 921371853 108407406
668561208 251990469 190279436
161821490 456498852 167502178
579957406 731910277 197655133
427833040 766546567 70774523
993250184 479388356 717285902
275540330 856880012 371316274
448125111 936609509 310914572
106334800 579095623 820077252
57244397 431124628 156185796
656891033 915077717 47370929
352188017 462705211 164647593
832098461 946052565 26469311
21537422 818830989 458885043
650334072 956293864 429004534
431903506 147857406 470923485
421713549 412973366 983707171
122711505 475321414 409870244
617615102 27211626 825921368
557008930 524188132 757342605
52455734 396811443 110910056
131985502 359438231 399379870
368384097 151636547 165736046
320329062 593184740 789295073
474530801 108037330 870145349
105971740 276231829 575485670
573028121 287347226 208871695
964316391 397435958 845695296
509634131 606811227 564126128
339517234 489229208 895549701
55857884 355366358 580386898
666177260 93618512 197134161
901519413 264653395 133773025
611985415 118103863 385543105
904288674 451479197 227061646
599913978 997954538 906098170
918577581 895016963 570126414
39422785 28063306 984451362
452966818 525272536 320616026
353704666 617675003 346555235
847813905 186757361 425166766
385320904 921819622 875635565
499095377 348934444 411604621
38225554 67266489 132540915
791782138 999676645 576642810
499999427 600621412 964358955
499759977 887760512 129025086
781584489 883027867 612278352
807286846 854312421 181742182
516022168 913321561 754234658
286719199 943574013 945907652
235903463 568322137 8891747
73880564 384791096 60072555
598901232 375241373 217329754
996667626 682162184 9348534
414688466 918576106 735330897
368291698 407822949 133133760
426634672 28564552 115025432
65070850 114823497 530136299
909654833 688582788 320039554
696209489 677723443 125191515
345265920 451138479 347591653
123613405 132205735 635069562
382311755 639444638 24330653
200822887 800229290 370388596
615526470 245439339 319947143
757957235 905205576 106915258
205852072 575113968 972105608
25621963 104313616 306059905
856491051 128055377 531478278
4898299 141864085 695496770
217240334 248560241 681604715
494649555 902723309 546820410
885334932 290666362 512485544
479363050 562962995 370516969
526447236 27143767 424576173
811020312 30242054 862511253
234468777 375879739 939574516
891739898 696770058 615865031
236198737 829670938 469273845
542542448 887022948 600066762
728436688 416905773 922663601
210758176 444565568 527358769
471975677 93692784 482807850
568710386 198374989 175559759
972781490 625660709 650531046
945037971 334123838 998283711
32224590 506003025 734569842
275012853 43029576 282969052
261052724 899187004 358477019
656862667 388925865 203054920
971568715 3708147 49571381
417169936 13613085 285484648
157242494 767716551 201459222
869349247 704100969 143602915
544126012 664307661 904057882
585752602 985745618 815301929
463957495 899558495 89136223
157745061 707475620 75442664
490400166 386727320 275387655
518804778 574767022 274962838
917446725 444244185 804970427
959698036 915830723 20094956
306635090 103166792 992199461
294486422 939002937 490618727
93372497 252600654 980234355
370169445 977411947 300695239
63426631 563330071 527310553
463972855 505482296 944018578
494297920 729611540 185209101
735981612 772386692 266144401
477173706 472793465 301142219
345004835 10386356 480738127
819124345 177992129 979122769
235883714 332676661 368676255
946718564 265862952 68855777
647226417 901265140 973628437
948536229 463630638 16282948
540008798 899858916 804919945
12858075 173152536 470647108
91743352 684931709 519810970
254112425 731646832 626057519
748724598 456259385 516907558
755122230 521907587 910555737
481433487 580656408 640906965
992583597 47654624 212354456
247621314 971695387 150486926
373585853 27891934 842049224
443872589 523595723 520496382
564092696 850398228 904955975
928837944 882828977 285416982
594678262 716947424 948789880
909520841 805691357 421205387
737409937 571886563 346370370
338066703 850615138 83055447
566637480 956624257 706185103
389219163 391175382 796867636
633387006 682420067 184947408
276966592 904256724 839888166
710113243 546453751 700107381
734897816 127790716 95099120
499672456 621696493 113335160
509333247 790714095 219136411
716420564 96944570 710310865
683576920 565782230 45343733
738091923 573266199 124612097
31902918 975543770 282190606
362591004 849842048 90020490
778662322 586353707 527722427
584576457 796320440 262648179
480346441 662449148 782257172
824191353 64094273 970723783
406175741 502915843 180820728
454039056 177192678 511952660
582713858 971830779 677276038
422137587 888478772 257129198
722460368 464377892 315056803
846836878 549212154 816397420
862389925 22326463 478106745
787733456 898447311 630707623
391965698 807804053 981560820
220012459 229634698 694536000
506219308 938821487 237321798
239226007 797514697 314375129
690656682 446835101 614723170
641823246 397054829 475927961
453083595 366596978 749022850
998086159 48237338 310053291
110750752 312691396 813276067
73110685 667083706 966348733
887511292 594867310 610516230
393636671 365924601 766488451
593795065 533910480 792502703
404172928 695488200 299926579
485663604 712768587 988824551
123260271 965081820 615602185
61298189 627659976 661898428
217565982 412404269 51437507
30750250 91893552 694610814
271881253 670321274 158751268
286993267 692909556 483864898
546820126 137648066 783651187
541147734 902190980 283197024
891862313 221153227 623929595
571309954 497787865 30611447
821816167 364252061 582016138
657369966 640834030 738714982
279331968 261518598 428332532
68352978 356325184 357197779
841969439 954887701 863894160
997742378 981439316 97318822
243260019 69513377 199766711
796069944 783548208 801993740
596110254 165629889 679874890
949702016 590767326 297624182
575810952 7849811 645039403
565807820 243247342 838965786
612767163 8933240 65078977
718700712 139879923 721956207
132303495 398805012 691012983
141612518 701768195 132827571
15003693 730728017 567697724
858012441 652034617 432375911
27495541 828880411 743494658
734107163 766743093 352655567
414419498 876236707 339169088
44295049 916703129 608797556
529983643 330140894 959853426
438741059 386932107 85193124
183834907 665406213 876638614
432650991 3821624 674089711
408792703 99091477 811661487
862678390 688502349 975643306
733123748 935485006 545435460
143830659 997270142 684523374
768257513 468987830 211359968
729007881 327289601 585737879
756628143 978736021 535756177
425757116 693509393 215273415
773341919 659171833 297809259
384184980 714013294 542459491
440820066 406575921 4658693
724468304 437797594 392274707
812190120 614468436 87966713
784910831 258938779 213633860
112765731 916610489 392262246
87520822 357199102 275340456
942203595 165046911 754249839
326273327 883821520 903659698
210507930 280126980 784668859
822707622 738261733 719049245
331272975 780769904 269411060
80441005 102535315 976811620
536250542 791433513 214241611
792397591 416297014 170475336
166697852 314610782 732028913
168325886 806063019 856598607
470331525 625215104 849626782
672986943 345387735 838675522
338113880 901008322 12944396
361106170 567121696 936839853
411286408 944408478 727110010
318580502 451020528 784699745
560371754 855950416 872371243
703338937 262189368 459203571
714137436 213201499 197913318
913419730 782250728 423725372
18472378 965727746 34771830
944866448 174340218 516007128
159282152 222682830 756615209
385656554 740212070 705620650
978715150 470881037 979994963
191504152 152724909 654195796
912839509 640276814 770013387
445575702 397563729 473619137
582538605 793812456 534379
2005798 746920920 458472862
891945992 813984882 162166418
512593741 304324559 716331226
434543198 20582731 444529571
440890579 678654531 367586348
694277802 970288914 271342469
645918405 178685000 911123083
445695401 148687916 444464675
195583093 46249588 331397557
473905696 499756099 191764459
753561334 345252451 8903083
616501844 851315139 268275538
750877346 193312819 514644529
240448401 221747037 127105612
677155990 437184518 200006225
207948710 207837062 917873622
700965939 762348933 419652567
681313894 546386423 39368046
920377501 173182810 796213972
545343783 948066093 677267095
53537853 565541555 124190493
300475972 676981737 931800665
624979009 38591684 790312395
205442716 325420719 377181372
539811865 398236227 166079163
745026835 834779464 329657426
460374266 436014316 179592717
756338190 503718466 828993452
397381469 897772797 913334183
467269370 625924716 680303842
179242110 214808760 97658033
541644227 235125853 423895822
786691039 276863462 936831768
652279391 266908653 106594255
485387973 960829265 187355918
43053635 848424376 806628552
774634936 393068615 633753734
558165482 740886176 335930144
185413637 677988380 833290939
188215380 151236425 271930626
106706750 607425958 203753384
213817474 72057757 669521693
693043382 428778177 746456975
858075389 298841672 123573283
441673991 992920011 144447604
142462798 646579772 109613644
32487822 485988135 185741729
926665605 461005356 926374610
845851628 815783099 145155874
92329909 101590034 407500148
353548677 432326004 391163720
459386228 936906923 28970485
672993539 979116223 721618984
595927389 115536119 930049436
699893714 453307920 116089115
337505936 267864508 796233396
687746978 617607262 525106750
158781486 890677507 617261068
124104170 987503522 1199089
12243680 743886231 405103734
70002530 308617309 382769242
426963535 898600075 971159626
80086407 790241553 820899553
529296555 658173619 105406178
579240985 646460357 434784180
515765799 712145448 1779229
559742110 361438596 764098882
765557369 188844998 888772063
255772638 856700380 292491202
309759580 18594991 709817229
384805222 540615777 838487211
760525583 154172360 792437139
61094664 678662697 155380284
902331350 338386233 181489887
673738327 728664912 269143796
731306359 197496303 293404262
168785453 820036212 6376728
894310332 252746011 678641308
777796648 146903608 117170226
758820597 411891634 648471807
755642918 139100355 579815566
940752245 604364782 684861323
793908174 561424192 817589949
601684754 447431882 975641156
370591241 184242525 929092884
965177511 319701895 784191153
443777155 945254606 809749292
194307988 589187371 129113437
657018669 990895817 207203170
308786490 255385087 182329175
99167164 102462346 13921878
105728130 166906126 360743857
232803113 248733647 663016046
608010581 35875243 342385411
488351536 42750043 367970643
377753635 122834154 467869927
893671892 410621301 906853232
348517215 67841316 379043708
48800984 312088168 630913912
104417535 603280245 651910886
471963461 399919874 406726110
748961791 489326399 713351882
444318440 207945495 994864733
173683164 571382183 83332564
145342419 229086718 832235888
861575707 644209941 725886259
320572377 279539728 964560345
830216642 894922422 749366809
572745749 910290990 100199453
373047003 649100796 568688446
348065890 359784762 560985604
536242678 249875482 855405660
176394466 989357979 453615131
472346022 267791242 879756210
452230521 352880316 385967923
661067265 423220105 222407556
906049360 501137547 234338785
435234 695123864 634918295
716411989 116859132 276904958
551984041 507728123 505650871
586867384 740924294 356834343
509671480 930844732 429039155
84296815 615356579 623471421
921429237 57327270 424727901
269934768 877322578 859493860
438288909 720248780 8513805
965407611 350058134 530235909
797071405 85187842 374908701
125046544 131984118 178093646
963968009 749728481 642499565
920554866 773630461 929793966
67938775 257292998 49464286
776240109 234605497 962595036
457168082 835677265 887943896
402767499 416257598 174995920
85331642 410132199 213808071
715038623 523221283 774658886
736502609 437302066 738370583
321433404 726420225 480673856
103032797 770475167 880096062
697989309 240804601 731001731
181034667 328497885 724867121
143714877 492268078 424357143
513400456 301470563 595434219
783138846 855288133 924651465
886232648 149078248 599903211
602417284 928628713 217062570
308906561 415554282 904802229
354986713 896075851 272435855
353425871 447318314 802579022
524900681 673184412 52603793
696187087 289856812 644110530
822761541 337982100 591129741
192629030 824225721 495462048
34081794 904470252 961523876
808556090 689083999 315684218
460655609 107948261 979403450
923895413 603100398 967729256
898075751 494448578 288508152
160079047 882428667 621514117
956292556 373419080 992119884
624102947 443717983 228630382
308755054 219155522 575308774
678387455 480182199 894932167
75739093 807459329 862041787
226683095 930121699 914987960
161997903 641989078 212275459
924092329 614792585 765194090
260481132 891567513 63624637
414222711 231580561 858702221
630844544 945473060 278790184
761600458 918629800 340664275
261578790 440294102 299599177
163353900 910670784 670637428
98104249 708845330 133961066
550389419 925000588 734702251
564285915 257301951 480585624
963903835 131709447 983471669
784839920 817387720 376438050
86612434 505409772 100009686
252945570 784047771 815892254
213052332 185041980 814984918
451841373 356609965 381539814
765152006 419854782 382074238
194683347 352602098 626838165
700851717 734293112 712066206
306780279 579631207 657998476
767881807 612700729 176709641
946860291 67770506 349422321
197642895 900033809 273580820
64832500 597888478 251576877
159148019 819675349 509112349
806256650 784674666 47534443
833823663 597615774 40089088
318722507 760444729 657169950
988916345 181753929 756046754
884378367 607213530 389418874
551628301 139257846 231000424
494550580 175622111 715460088
729883304 363733387 730087614
944661562 609527136 878294228
644712591 773263920 52959123
427934117 581748599 543295889
434669448 760837075 741393882
136152144 422290883 90079089
908866654 737642659 723167497
997373142 439983591 544289023
936209503 257069207 949346203
791529497 887705354 487174536
985688799 357579494 666677392
122569406 468430679 971424923
622901940 499826062 666246889
239867053 144860541 906505614
624192954 335069392 760314671
897522323 339093550 513913595
397617743 119440561 466766059
834440033 820121506 368492093
212396758 890216056 108583981
740616140 264727315 799096053
203518261 898934324 852786440
751919053 322806848 765678730
914636377 911338549 575751442
736265249 17070316 144530850
388365743 851880080 342081766
772050889 791421534 586361772
234702507 150171806 270673315
126271369 701545697 580527704
647048772 413926012 586227309
22118250 357820228 625799963
947123827 538671754 334866410
101715002 247793241 198598830
896663481 355720942 167625156
801070345 849075320 801101965
199278232 130406673 876247595
474233515 171332859 795738746
88481559 528935710 77865297
368732475 422391745 835804666
925194305 875010440 830683887
463002517 105996973 222002133
307109284 922668162 797010877
965385945 214231847 466676121
87054548 660083079 980319483
359485420 792619416 645376789
683822823 406036690 192772077
904267512 211423983 615032799
136928249 358640869 924122969
233701609 521442337 195812561
816505000 725346308 606001417
796586225 408402338 652155782
242351511 950905785 495878477
683694595 709636847 165533664
625789165 46389840 244721784
951581785 849353735 905809283
941053396 203675738 394750560
49341168 660663531 428675929
550256637 582574124 411035616
16601353 275512099 233626381
481844505 731239776 184971864
825876904 589159226 764690578
824792671 493222992 571029801
396062486 91302463 100974492
345459211 101775776 663135036
404941921 840615748 853576996
871134939 608867251 508241018
130062553 608462049 572547815
965095826 856202802 635219283
948969363 166186160 30562533
510115959 910715275 524657722
98691303 438813904 42452196
608899797 50353261 162474789
536855540 583974245 913187820
14984826 2740047 613291792
13957657 992017940 573840330
492767546 700720104 212968824
544949883 262945673 387132560
555060843 304984247 450527714
970444676 738940147 811442194
41773161 661466747 254570835
253984353 632470404 152358248
755820562 192127929 93543896
732501633 129227252 347633776
965360713 963385403 296867838
675958042 619488253 629916491
109209461 380920973 759264345
666678950 659161054 819175901
770884353 916384128 261835007
586592864 320707547 583365968
730246875 997959594 360827659
637085641 343173049 943785872
220037879 153182946 580216861
807772711 608841284 348833486
127212236 809087430 140954071
200750595 476280523 78296319
953320148 466351414 343031647
316658857 76023968 801290588
886240270 227833304 235805410
817710506 642823835 638526434
842939773 604982676 404454669
487220827 751831702 46532305
679412648 106401048 800465044
148381012 577685745 345231919
923555353 31019348 376249261
875570164 837422093 833515332
783326433 984945916 976963475
749640666 527780818 412463645
562899985 671375883 786916358
963413612 405473579 681683724
939074881 536846140 158174920
261607506 886511495 896120357
281993994 470061970 163763487
593449721 984087641 205968576
630685837 965318095 687297880
60901907 278402199 262031099
886391532 3372030 3003968
65511699 364506684 814501175
823132878 145277675 349866155
825345715 272607175 737584537
919314910 426050983 858366703
120462960 747411388 624141704
747160139 585599240 366102631
849173003 781483552 96195379
484106311 162055973 201457395
15570696 808849919 847038218
74653065 614422236 151959157
55916081 130658536 926571331
201108173 869099341 937062996
409147154 651614829 363060565
338592593 581722974 79197946
174456700 16555430 665730429
772631128 982519608 855129943
320826628 232382637 378662974
63941290 357984710 420374622
562399875 990312994 424665563
384346639 257086523 560153221
82579349 423985318 188533725
48650457 950293899 97267528
746627612 580036706 958264465
960055641 268179951 173209765
197409213 906856063 559932041
973935975 267250787 416583838
716175200 335696557 728718873
572872157 680651817 526054588
666016947 870221470 657031385
982477850 933295174 778552713
931707813 81305482 294308136
565710209 255350530 963495955
722225645 787184043 837496740
204075769 100958570 85783918
78961794 210070465 275148469
637980269 457765071 652144688
819168546 10130061 115010050
450807883 139098183 720755189
654805966 538604632 487048696
546814727 345682473 516361434
235311690 907813483 920640840
8429208 449566099 301245700
602027424 438111382 792985191
944880632 122317286 298551321
145591196 82475691 52870414
819657894 698899526 904530628
55156303 825268738 149352378
483082277 930579740 230471731
807583118 824910070 316431147
205308284 343070102 878475162
184262770 205034596 327229927
8216246 674967332 540443567
91407575 774130993 32732087
106730082 983040763 753008686
479757024 230832066 453168934
157193490 440760723 39711060
647257711 303310211 462151943
362234078 418745899 783432038
729606832 319306851 614851054
49907424 519784002 788146218
689992077 858702421 412584883
163059895 860871966 539331691
879868729 153121487 953059061
739662342 166995783 115528055
993776039 117826124 668935827
561343988 609270794 278993058
141639186 367099852 312649010
421100204 238074104 110836930
83096181 273257040 60567740
161571037 51245927 575777203
771443474 187657825 762303453
210719033 758584302 971598291
407953389 845651336 775288710
427854840 363815403 275499396
447775824 322454485 632126573
520233044 579037951 393738415
164548167 322025818 648519305
182758412 396522638 686254142
492968995 217318831 408571032
86041827 416475970 977083807
849863161 472382319 181554074
497374240 366907014 54476870
37307170 745179575 852400213
225664014 906918413 405233450
888256955 20770220 273345234
905726332 206323019 823929924
288528932 874191347 725709788
448273724 881868025 173564949
333725315 313431609 923423878
550540198 563678356 338129183
826071616 466223275 210725796
737606676 158410716 565124457
36736904 604537212 432541519
85996133 32299607 382417406
345724621 814100068 98099299
979392636 806493389 372664428
631639619 275189790 205769218
222686145 590107851 809171015
888933730 295621607 804609297
783696541 502219810 979394213
624479336 840971012 951079863
17487871 476759656 929272226
187593686 568334394 908161764
640343772 714681972 961126876
150988785 87382 784882118
333801384 792582628 748235254
563919425 220138661 823186771
154882528 869082265 936027159
407041299 257474171 312900548
555185027 724383287 311610217
181733624 330743982 236860438
703444114 711869352 106617757
156454981 219942937 305472906
664091285 310640280 653377124
379396243 418627612 695530276
61164055 625318136 534916341
747029055 468281368 870220078
636420647 767293565 898827660
314706921 234066678 515957939
752020439 253661728 108649703
475118071 90866335 51012870
771796927 870199709 841861065
390512145 434023811 695504187
599574905 292530423 156273273
808687269 963717653 908819371
92567844 476141040 342469697
689675875 956708427 343443826
406868196 207464851 427243762
912306623 160082208 663666162
220587102 969462701 945768541
280659572 123223060 737231440
570849854 83531341 406237145
225946365 376173737 2215668
314397107 296486218 486434242
504481820 394135525 879179531
298065903 139159995 633302262
948633686 622920661 516147718
608121258 539593087 44994136
538249074 928428806 713940251
928635038 229547188 754263119
521682432 456651276 792167105
499444490 871729986 573001798
273530574 612344573 483026486
201466674 40026191 75994155
608205426 84269300 107463419
969717467 830478794 53063666
521303237 851474321 123055700
766548177 937529827 548089106
674957412 172486773 123547850
1337443 684162703 303275525
602856495 363512521 768349099
436135651 452399879 533957066
814886604 417435319 997724807
633755433 184559944 44538724
925967908 532079853 735911603
512835343 348884882 358792026
928785634 994687518 400118984
471016693 957009387 159213878
811425785 135987331 781012002
568855356 743875995 799677193
447268893 807163220 862455907
268351436 81478832 747856612
129147207 636752466 65038576
778075024 569832313 178379358
586230835 523355455 886287985
277709815 689521165 667511827
819252707 792188257 629879892
891635316 419549635 519381281
608025883 738690821 992125000
101251580 166118586 361386667
53230565 725446392 377830851
188062861 970907985 912873816
407399181 171225102 761318783
634100899 165240237 571299027
994874789 785545373 165246711
554592962 65760568 542856523
64831616 295997952 779443693
457485042 540503070 24908018
626052536 577597975 981128165
421258812 304826576 655871871
840259114 693619908 621152168
861297712 293629827 159142318
901686519 889086317 841174212
15706720 918356912 812228797
869683971 597516927 425059593
443067364 240122260 68129263
382132855 845915879 72744460
578323670 936263599 279632907
670571585 882904473 88303782
293334486 394798151 540465372
839336337 157063947 526376052
226110853 228057316 585511089
885171035 117174457 870291286
535431180 648575444 369114076
328000474 717996705 486731505
899493524 377580454 114611765
491340810 499783877 980080688
630949069 97984689 212263061
389638443 931977390 371037373
459222633 779084429 907605598
178825282 405776102 705667722
336521376 297249174 44050672
921227161 854319739 906712397
894149548 618026606 209124147
95836220 11252865 486048253
160154189 910429049 375824146
144564093 413282190 546544217
555225924 756418145 616414971
607276143 728870717 410630751
384120538 714647442 680593250
555998060 808909742 438063063
488069208 378522557 933603390
633167761 792503043 876983751
663003534 199622488 673146505
711746111 24826083 797164030
177419342 938224154 186593218
382993562 974402040 591145612
274247664 426329216 77026156
483633932 450014067 407456070
78990543 632271693 544198798
925835968 112369797 497477445
539230152 480742148 692746035
445720361 596108773 341001830
777884608 662049646 403407850
444384635 8938318 647019209
191510812 902525721 103402821
573316143 518788864 629923412
632669512 658888916 310546268
597452417 427327805 612809775
477687347 41578806 274235721
175518707 112557516 67328071
386414032 861514263 571620011
945217482 86982520 308188366
427590549 729080339 439558437
516335758 751499663 170454968
21345789 225555980 153305054
464395148 281080165 799815741
471497735 296676007 757850369
629767766 773312976 465604699
399074487 734321099 975409981
190127679 72458412 406669395
182695059 594903592 471716164
263026145 395417686 469382185
236462885 469060268 231226190
477788314 68449075 30315815
77663869 517712909 925061269
739879432 726853417 397981017
521079469 952308804 264670424
267210130 235105571 519055120
426514765 740228622 512738778
320182753 33366159 140334689
411497208 491463788 5746402
711932513 976121569 798559397
771177675 316815394 643282491
305643203 527538447 95681529
791974379 377657657 973874356
707245692 222180117 331912893
609154301 317490815 262665503
291770436 780700017 530476311
194376110 107200259 447577556
518580634 578916006 641522799
299158059 113287068 315905069
807110717 493194939 810638579
212048039 668814434 546794505
373733811 830568122 110031123
291468506 978265137 263125835
426150596 288025652 421994243
734176127 805987883 426778458
278052605 495859898 363990078
853882835 96390965 457168545
739864112 523314019 789644031
569976091 170356087 140285455
652039152 84698187 856809416
99716636 943593950 116970646
12862232 976717328 497030877
939270307 206755227 710628014
592361283 983998805 275720648
443213053 94151076 963111889
858691666 515546689 960084181
73815421 920392240 131984894
943784428 757780478 221214357
441343995 371101757 528716601
30228727 512850493 437041501
433962322 954179851 876252423
580045602 330184367 954314438
895307999 317002656 513976308
312675933 387934859 660154157
169154567 516808773 638224655
375141981 113592333 673746739
884369840 914236934 298433386
987226651 196003315 581146939
983830468 724886067 57027997
507726676 522247936 12599537
784320179 734527459 736488258
935365128 348631419 439687359
813246192 73491822 704532088
75866109 77878446 81986904
33854577 809351153 12286819
302084155 135172202 61684016
463042097 140072140 592051112
24436879 149615232 864547839
809574320 797234980 816971251
904974603 825074759 858905156
659512432 834328931 665951091
340719490 315175963 633590462
985095031 791572149 482403162
905239823 497953498 572861426
782047442 200298636 261589088
92491661 717078375 520367530
336086798 970701851 366040127
262755102 966978089 448149618
862755518 696998876 691091254
792038822 664393867 85252891
860112379 645626125 366242185
128513615 324257915 851447866
788452829 702885676 163955965
590151941 903405037 977267112
898796037 657019776 469417566
907125753 100949592 806960642
147626004 899430546 769353467
677290784 335658549 727108137
951753011 559979950 153972774
117578163 562029189 406992577
207718284 909630564 287187127
870405550 305581642 878780339
84842957 764984331 882557576
477934932 925309451 463101357
269781673 750579003 979526648
935017128 77332819 418595231
537194073 952619857 103877483
380837107 760640049 149369917
319790613 889243117 299366086
718280258 567887031 205245826
824353694 778497653 408370421
189839591 452305532 828039721
990504629 844481425 72883559
477030645 661748252 942430516
573693603 378306734 360547727
507247559 75835061 469447528
939406258 984803709 301786722
283661688 355123562 64513229
627324592 993549684 767821278
806528618 920937186 627153968
722463857 389328202 399635583
832706753 235307720 857258146
280385355 104107645 996848329
307754471 486804299 931325688
747271833 761017038 936004292
570322440 274427037 6690636
101924411 867052481 950853497
835014549 358954101 950020217
572007443 593577504 908703352
346297027 820733839 995794848
366246279 412882295 397114195
793568011 455147817 323713959
499982084 481295767 138893602
708624042 486561926 582088375
261774199 671352852 469394431
938319904 136825965 568735675
745749972 467293129 765638794
583644595 400075945 174541798
205467793 990636626 502261092
387432684 217912713 579464236
426356010 427532175 686430902
531245078 360601439 261970630
7365532 921025830 107663785
330426308 917787650 928853680
547556332 416450047 221871085
801900106 513017422 925355308
715553184 724432839 129029940
213553472 616427425 365851967
459604803 839495792 934793398
120525572 967423839 548560689
360256995 309978541 939397805
470956087 175052397 269539855
880262804 458784377 960043993
859295038 796062903 731802410
997968876 540085903 531821819
124459456 769191595 536523160
601428870 919411185 200636508
208379437 245839037 492946864
579240834 582212707 760905541
684198707 1705188 9226384
139994114 717556975 801290630
144384840 785525786 608234392
648359085 490232160 76017393
996041765 31311326 657923054
375709229 325986762 845090014
436334151 28761011 668580859
709040051 320848895 387620263
94220910 685574304 848509675
384578671 35866392 190159404
947807008 687614640 895719983
29394203 176173300 862542670
390056486 69529714 591304443
182053743 939358642 603617142
319668747 523604088 952077258
240924076 466811192 974053389
75509154 783995098 670137816
239435284 755718318 784253699
760827775 882644658 636886693
113001582 623555586 952439883
570182010 331510687 23704438
710214020 191116643 269786459
143356466 710873924 272897750
725301927 141114056 235237038
587842182 846098120 585685519
619861288 311012200 818985795
433239323 75440726 848191667
652458462 581141314 998883870
815263707 84983965 14650904
623688869 349020308 629159876
683484018 90471503 715326677
616431066 683347302 681823682
915853009 412316067 5410888
271834594 93819646 777518117
36328621 247108053 99507218
381993123 364441963 56827136
354820352 143776420 451450263
73231624 680371454 87171051
965897861 721927633 778627968
332673151 137511882 236184449
852741693 176651428 417930043
767565436 191638825 966458591
575243502 679739752 531131000
697965045 803931959 826196266
889192096 678200044 54793388
239236326 735197783 220278535
27954209 529621506 172516496
704601549 742400172 385659427
735497857 168131330 367592864
689469229 916906399 981997227
775198869 502889286 749435807
595806477 776997213 103640786
130228853 783657133 495648271
908468855 553584216 294006352
465072384 809843994 516618683
372669692 291143364 811968480
85453141 921282036 786299952
965073453 491905049 209403583
466967129 588528550 263667517
444854049 859797141 891563058
723112502 39180063 439218297
869841396 798586041 763049726
852006360 67589457 718264507
287977284 82851018 698244336
381583985 48301748 966773153
854737844 394711119 186562133
232804596 401156802 674998540
546526570 874099095 759923072
180808091 558590842 294657696
566934419 939974451 470200905
718798691 244852448 373568327
768954845 862632822 309410699
983753613 452501113 263100589
248879610 862712826 593916067
346866461 722990801 753022147
138178849 467323676 132947190
16482908 202431735 521115454
807243662 466331004 102301546
578616408 500918781 360150294
782203903 372850048 633029609
78038625 867395707 411419658
700312375 733408976 602246371
406481804 790554635 457607705
641788797 817248218 318847179
389596721 5351628 595990793
505933339 834100557 773533591
541391727 656019681 102305250
566552802 577226144 311066178
976280741 159185906 47197298
742866339 950464139 886401100
542879993 117609128 714164424
88558517 852770442 651633975
519527635 867409459 305319611
805281140 961452639 70006793
43872608 140830661 324276578
914129342 882730638 676279503
637405201 366451734 964168347
543776118 302795489 221494806
635789340 113816800 143724679
631120643 194984932 180787313
402172920 178440290 4803338
905108432 948343401 229743609
702270179 313542367 164859726
836577739 387113219 132539334
51263582 416469023 637055295
248802536 159864204 817053561
823980461 693632747 394919182
242568350 131355297 501522099
82502489 706619539 517109424
731058022 902662434 917613725
10897072 506850921 327341918
994076737 227998133 382081888
967677762 392046405 969835285
573754417 386232899 624808365
865352804 82191105 753159189
389052349 817752439 530512436
901446831 358874108 226511972
305790576 852494916 389762862
783546751 295004826 797141834
497732697 624419678 451224022
135848054 101186752 473764053
191473546 81686717 394898922
805542137 475391322 510190420
82820506 781779744 495968044
48880560 111049175 897536734
40032549 797565318 922925797
20777992 260861865 374289098
962620745 570647220 131049310
49882035 143757768 902128951
524538153 928815796 603614056
603442724 913740846 96823427
103508844 347832914 684105683
978761750 408162139 185781974
953832893 5767840 44572409
702254852 498449360 883228566
462671435 16566385 817450034
123457199 939627414 567928050
253793096 50373087 497186655
364876446 310359478 191932763
959294571 473398215 787056226
738499479 104327616 638742276
473187440 681842505 337424033
398240041 508303174 374348135
649624213 845594444 786462345
385326372 51389280 369517249
848535581 880798710 591027463
955602717 808134696 693364626
445381071 126218806 945223951
499108333 789402174 545407008
994791798 582114107 768822551
40408880 669274691 859224051
955975521 141479420 800207003
429195977 267794015 381733721
81837538 603162801 497532312
349494362 626205630 962551521
544447184 632565334 676200467
260074190 354197517 278731490
591005447 287769645 768443282
291316690 82853631 287414003
27571685 845367099 451650719
193207125 261808588 209935219
971635917 422099912 291266635
974054158 558735022 150550273
666117287 263578849 170587046
765033460 2925669 121713666
579318107 72061912 171381066
353930181 122427314 271746080
953920347 558064576 602278095
328663682 138983133 989341639
765569816 837150451 38459990
264552943 481411378 742797736
647686794 725160078 143557633
572199190 45271678 476474424
654074539 724638706 765877111
768910275 683332756 408370992
45279482 481130563 905307490
515436551 313190604 319319309
528229626 653902826 414598899
782552503 708209024 309125776
43586482 356727829 663884634
2574316 617185680 335205949
130185517 853038644 497301329
884292227 613393373 897406941
831127034 679720828 950289552
612564892 891884752 768186878
929507499 355818598 440809304
150291229 275114962 553617775
218356567 710674990 781324267
71123502 779609811 740918983
78740762 318137942 775978512
606932668 472983494 598797278
706482067 566574627 696527505
272831225 637151777 844830032
178996835 573979677 773548223
797414616 205330527 797922815
902978738 899301777 134320107
475100052 855230847 97081999
478731947 128103953 727209196
664431400 191176837 921219306
65460989 240034032 25894813
170779094 664415734 441536444
737388122 245317832 133113950
350817186 672314207 869964791
862720249 192286966 131259793
329754582 18711245 401569358
399066134 138348827 509657373
56399486 396163667 164553915
192099696 321299099 221696493
732006891 782416265 924627963
821979848 262086176 481818991
353435698 94323978 594886414
332089190 996842262 682042135
385093292 383699955 147191482
718068629 190097709 765649883
469881206 663941481 425673992
168808484 109013980 310841783
284558576 602208785 151968963
484296165 534226395 797785897
566190912 259370391 871114494
624927024 247980199 231555252
385785294 461964843 304865421
754510175 977854464 244651615
178004168 479345661 872413065
870424145 537929580 423193396
750125725 565891270 898601678
65345001 715961779 401991364
80692100 484946752 265390462
772374414 708164194 718303392
79752436 860528299 385821310
700663211 7321419 955152351
578292524 613367369 522074614
809010479 167828481 18001053
514382507 15173856 900099795
589660428 830888798 322623864
589070774 76057149 383110214
517959098 298851072 690082066
387818455 502500013 516495684
721757875 318035653 145200532
426336090 196941955 922187783
835068406 586994773 240629288
485432016 694663063 799556490
989182343 36855446 640107132
910243982 495165124 605299470
448960235 138579767 290542148
796124205 791338343 297064345
943997102 946324008 456182455
912715274 198675685 169081204
616543199 54383390 162225679
639847621 164846627 976056746
113840016 747175698 355541259
105951428 592502030 331630478
712352345 974398913 426110574
700391344 971664403 297150004
972944852 606386475 853235838
608458740 234884006 186632693
103332384 429635350 753681032
806064707 943543229 167443949
700035424 776643210 686755930
332611857 126397779 586574718
156618556 262349140 620101062
443569686 985027048 602077645
482916445 189068166 154428963
965318096 447344381 857650498
567649266 636182771 233669069
137142016 680087963 488597258
763797808 63260854 53724578
112999467 656245195 753758359
60039884 975624362 654490245
162946841 115169310 519623452
617762945 609167601 884021469
207920727 653432612 886690579
462950542 531153263 63008789
31284406 889786102 951272889
151705910 460944206 497083419
843210955 977005743 226371727
257773121 23833721 463966435
887013999 883529709 985049817
462977656 389998884 207769059
816721983 690587730 364296481
493789995 596738881 275779991
999720220 152821511 888996530
291196332 965391882 275995901
127765418 291583541 852422431
446841555 728584059 806466840
13537234 270402188 426757564
272719482 388186071 676377199
905431618 872147647 459503906
960182016 56230176 269320845
572455401 904864516 487453870
801729225 459586722 712608129
858787198 549964951 742321152
151323066 642864743 779632477
217865977 601621813 752986237
151130815 82037954 631723448
650661142 29592739 586759887
466014023 164700614 472833326
872583383 169383463 483551843
476838596 946834126 166107357
985432321 377208843 941657832
809245230 625713141 30679528
965549468 524613920 81024981
633749375 585904541 130661110
801572725 652844598 666917345
266560311 480353770 56504242
374128029 814389159 566502538
7180247 311722566 818861130
341650665 15821003 386369425
904097640 905474269 717369587
245422450 114409347 804131450
608115443 375581216 755240289
283940885 104040881 982143503
798766088 244805700 327673937
47136755 833738427 576021979
882444345 681794242 385406721
905599984 53750030 968603569
541731998 763438551 312445108
660472885 173523863 479630629
158899537 348815875 949541425
630423984 555133770 777194768
280795377 659705740 920910659
497038225 208371357 282638095
938224162 205132282 681240633
315394253 548051211 566089986
511689993 944219035 585631077
43044252 879699092 410893967
272973011 347632383 994623134
623474429 162635578 830298782
146321708 588655226 404131520
329463343 272793732 496389852
426081738 694754727 586934569
884071479 806778620 299874107
433437154 639252705 333638972
1208159 816325555 930650990
42580399 583165642 651134432
151662260 32363449 478471792
895678960 602846150 693976320
165277061 775156648 507616764
165564265 145731455 753729803
40642280 221966104 810315795
921910367 717025889 376259699
960664887 221065770 941034620
417515551 161232158 882361136
633517965 483815168 599338045
830657142 728930857 759220284
274620235 110184769 313721637
648406327 673785660 537030422
309390743 425800599 756188996
71669690 415760084 153286977
492277466 152077106 856122991
157056089 978672049 597236676
737893440 928827205 601109439
915180532 727690329 191595178
956498745 490377863 953383185
764559724 811979412 17895042
913142012 189946033 112468613
396887338 812435184 650975198
240523777 255775236 371961857
588233879 83029053 710927061
708878213 680938690 260612781
733208995 13498639 286763139
306481416 869318834 249628791
403897408 726134593 559268998
570448335 365203102 661703566
179025382 514057070 590595202
910227556 692763095 746170857
485762832 687184504 411319708
180769812 241262509 492273343
849686203 692202756 469644800
852471918 933976314 631678478
857527276 975066362 587276892
224734920 717375382 692815895
203744040 465722119 29498725
129787836 446958050 651218143
556272124 896443420 529761103
806345381 773242432 899202477
344566901 133040366 159677271
705573668 131241111 555126928
296799398 848404342 164069179
37772960 498452434 399267288
163814439 608854641 24000703
226508223 501900639 489726362
964488082 163761376 522083112
161397232 613736114 59511599
299722759 404813703 747325122
921529571 102681793 731527860
231533736 815208559 892288604
382013965 394471816 267529354
253551643 935368294 424607432
303158311 740809093 162930388
590871052 5356156 66288221
96186541 408616763 93338366
630787754 126954885 453866103
499865441 226432688 771435314
883211816 95593884 572271861
746312648 321965809 847106531
587550780 226175389 678571448
992929962 579498892 482140484
629280161 198283432 212225064
917193109 180283410 861127888
308846999 842866082 824756912
577672792 523757981 882365122
447260512 580775093 727026751
188927113 550241350 589948828
718692802 435584717 841611207
435420930 674102443 174085026
210039433 765536028 256963520
991868254 627362161 405938782
966623749 187481237 833158052
640286591 588455102 872584732
247937670 835998578 747690866
24303881 116357053 229708653
370552805 753261744 771826477
33589990 10106396 962907815
117677821 214559120 205346909
301256385 275745679 677394273
210721067 785452822 826334091
573203085 225580877 252151288
228976596 802610571 508371911
880107006 827579280 566319887
475641821 172702717 63488035
787059725 960863510 356179209
213370675 411952572 615583543
410358391 435957924 74661263
882454083 203089373 93552285
27726140 632442496 665736975
859703681 29745848 349498996
268332578 174469621 531017272
403964131 824936812 655978719
177614385 912653010 327808385
40962916 395655000 370720646
210496311 578207465 35397281
379322500 879989153 158628114
971129667 43815825 491482647
878128580 69857457 255091378
452493356 257210150 598924962
878927405 827366325 488668059
135692553 808400518 976232135
171154888 377397788 577209986
28608440 474019988 451351632
932424486 176340764 38894882
48726106 939407287 188642761
16941271 97808687 362541498
223506643 924433753 547802627
352248052 7078288 70741133
3234381 656468843 932272532
685980312 154435520 70011747
922382004 36888542 649264211
340514144 364898566 360580869
692236345 666856489 214085342
89960689 446498280 523952323
989888209 365631688 828702229
137803889 573833141 784357359
235269045 428850873 800481438
458746378 798688253 942911329
286571234 842768127 953257569
531076716 834820117 465152243
477821592 159241761 259276812
645217354 796839061 358651140
827379421 936408490 512299151
776587738 478591196 739953656
476641529 840878504 427804319
119995480 494935689 652886964
632268025 396018224 280839732
731958145 631741186 583007012
55816495 983013078 318780941
899944218 903982831 523301303
117473199 450763831 307436841
165615721 51442621 443693791
393528785 166787953 713770061
933739960 267010846 445765524
243308979 873449383 728949123
986952663 777353861 825113040
382110646 332387200 468768151
214132633 762294956 294208531
919864831 915279527 102323610
618762068 251118352 319532766
912713205 280744778 980254818
822910564 700584306 298931257
754790343 998034845 795048966
230446247 929060694 960453424
845290469 139944279 893787492
385630719 313565574 34576207
69550213 46635826 473886620
525625301 647848334 358521388
470204190 364181101 440207252
705151123 59167039 473382108
658251245 740959819 219457909
595640615 317211182 170995066
683546485 670338451 421826602
449059973 462503220 951657125
322282489 582167568 792829158
99413283 959548397 543834881
723471618 277408784 483384989
861991036 849125435 206980787
646418141 980255208 357075336
782173328 318951363 303821031
559410716 640437100 933194403
933054305 179834221 925615436
64680723 155474809 271530800
418612854 595572967 818535317
509317466 112006509 362780724
865365593 159529504 800605432
962614608 404359339 987538423
766456858 179736271 889409456
449325459 863006746 678000518
996075724 438148587 957747836
397564043 543805349 85189682
967723270 320622386 822645280
946511327 477119931 741933841
822461537 651803301 953153249
30287356 643054798 256643194
625599230 857327112 439287820
799549843 473689814 902815115
